1192.32 72.00
1199.81 103.30
1236.10 198.72
1250.88 231.55
1258.37 280.13
1265.28 279.17
1249.92 190.66
1249.54 136.70
1174.08 156.10
1157.18 144.58
1119.94 127.30
1105.15 124.80
1104.00 143.62
1092.67 153.02
1070.78 151.10
1064.45 164.35
1080.77 168.00
1100.54 165.50
1153.73 58.37
1141.63 48.77
1166.98 33.02
1185.79 17.09
1143.36 29.38
1118.98 36.86
1095.74 28.42
1050.43 66.05
1048.32 16.13
1027.58 43.78
1004.93 40.90
990.91 28.03
984.00 37.44
968.06 29.57
952.13 20.54
934.46 21.12
887.23 36.48
848.64 15.55
842.11 41.28
777.60 39.74
762.82 35.90
750.72 58.75
780.67 63.17
803.52 66.62
781.06 85.06
789.89 83.14
1000.70 103.87
982.46 105.02
994.37 91.97
977.66 81.60
963.65 85.44
926.02 60.67
909.50 59.71
917.38 73.15
896.26 90.05
883.39 96.96
874.18 115.20
881.86 79.49
848.45 88.51
840.96 84.48
806.98 94.85
820.22 93.31
833.66 110.40
732.86 22.46
742.46 36.48
720.00 20.93
663.94 10.56
647.62 44.74
667.97 44.93
676.42 64.70
685.44 70.08
657.02 81.98
673.54 88.13
707.71 134.78
718.46 120.19
730.94 122.88
743.23 115.20
763.78 110.40
779.71 104.45
743.23 96.38
730.94 96.58
714.43 90.62
698.11 99.46
799.49 129.79
852.48 133.25
864.77 148.42
886.27 140.54
842.11 151.49
1161.60 211.01
1157.76 238.46
1151.62 203.52
1130.30 248.83
1151.23 261.12
1141.25 261.31
1143.17 241.34
1176.58 281.66
1107.46 293.95
1105.15 268.22
1093.63 265.34
1077.70 300.86
1068.86 290.11
1057.34 292.61
1053.89 244.42
1050.43 225.98
1085.57 226.56
1108.61 220.42
1035.07 184.32
1040.64 169.92
1057.54 126.72
1066.37 116.74
1051.01 106.75
1041.98 110.78
1027.01 134.59
1045.44 127.68
1052.54 87.94
944.26 116.35
1006.27 180.86
997.82 178.37
963.26 164.93
939.26 164.93
959.62 191.81
957.70 204.67
968.06 204.29
990.34 207.74
999.36 218.50
1003.20 214.46
1001.86 221.95
1016.06 249.79
1021.06 260.74
1022.78 291.46
1032.58 297.02
959.62 258.24
969.02 267.65
909.50 266.69
956.74 229.44
946.75 228.86
918.53 169.92
927.94 156.86
907.20 149.57
898.18 126.34
892.61 217.54
892.61 230.59
880.90 219.07
881.66 267.65
891.07 290.11
738.43 210.62
727.87 206.59
723.07 220.42
758.59 243.26
761.28 253.63
783.55 259.78
793.34 244.80
828.29 216.19
844.03 207.74
846.91 283.97
854.40 265.34
874.94 243.84
835.78 259.58
822.34 261.70
816.77 275.52
814.27 297.98
779.52 280.70
777.22 135.74
764.54 153.60
762.62 166.27
787.01 181.44
804.29 170.30
819.26 168.96
791.04 158.40
612.48 34.75
751.68 283.58
731.33 289.15
717.70 278.98
696.19 289.15
659.14 282.62
657.02 290.11
666.82 281.09
658.94 269.57
672.38 251.33
667.01 255.17
692.16 239.42
696.19 248.26
625.15 83.14
614.21 86.40
592.90 100.42
584.06 110.98
610.37 115.20
641.66 111.36
645.70 104.26
651.65 121.73
639.17 136.70
645.70 145.73
626.11 139.20
608.83 141.50
632.83 182.21
618.24 188.74
621.31 198.34
635.33 229.82
632.83 249.22
691.78 193.73
684.67 191.62
666.82 186.24
607.30 170.50
595.39 168.77
584.64 173.38
591.17 176.83
566.78 171.84
573.31 157.63
554.69 156.10
548.74 156.10
528.00 153.41
519.17 154.94
499.78 156.10
486.34 144.96
494.40 134.21
509.76 128.06
518.59 144.19
525.89 137.28
530.11 131.33
499.20 98.50
504.19 107.90
468.10 80.64
460.99 94.85
502.27 39.94
519.17 47.23
520.51 61.82
520.51 28.80
531.46 12.67
539.33 37.25
576.77 12.67
592.90 25.34
598.08 38.78
569.28 33.98
473.86 201.22
465.41 227.90
506.69 213.12
515.52 191.23
535.10 230.02
547.01 225.98
564.10 227.90
582.53 227.52
581.95 215.62
591.55 217.15
605.38 231.36
446.02 174.72
470.98 426.43
474.82 454.27
486.72 429.12
513.22 424.51
608.26 444.48
628.61 434.50
635.71 451.39
641.09 478.46
641.28 494.40
644.54 516.48
666.05 508.42
659.14 507.26
676.42 496.13
689.66 487.10
666.43 471.55
681.22 469.63
664.90 477.70
666.43 445.44
645.50 446.78
671.42 428.93
654.91 420.10
640.70 423.17
672.77 409.15
686.21 405.70
692.74 407.23
703.68 407.04
692.74 430.85
705.02 432.58
716.93 427.01
712.51 452.35
700.80 471.55
705.02 492.48
713.47 502.46
727.87 491.90
735.55 481.15
689.28 511.87
676.42 517.82
666.05 528.38
670.27 532.61
657.60 536.64
703.30 519.17
711.17 523.39
668.35 383.42
680.83 352.51
704.26 355.97
723.65 329.86
749.38 331.78
727.49 309.50
691.20 330.82
762.24 363.84
748.42 371.90
732.86 372.48
716.16 384.19
700.22 381.31
687.17 382.27
763.58 400.13
741.31 425.09
742.46 457.92
756.67 473.09
753.79 479.62
745.34 523.39
736.32 514.94
729.60 524.74
765.70 512.45
766.66 530.69
778.56 529.34
788.54 509.38
784.51 489.02
765.12 490.94
785.47 448.90
774.14 444.29
794.30 430.08
790.08 419.52
802.37 417.60
778.94 387.84
788.54 369.79
789.12 360.38
778.56 358.08
780.48 329.66
770.11 304.51
782.59 306.82
801.41 328.32
827.33 309.31
858.05 302.02
852.10 315.84
871.49 315.84
883.20 331.20
904.70 331.58
875.71 368.83
877.82 360.96
817.34 355.58
858.82 392.83
888.58 419.14
875.71 419.14
875.71 410.69
898.18 426.05
800.45 525.89
807.74 531.65
811.39 517.25
826.56 513.98
826.56 501.31
842.50 510.91
852.48 528.77
878.78 498.82
892.80 488.06
904.70 501.50
918.34 501.50
927.94 491.52
936.77 499.97
937.73 472.13
917.95 474.24
939.46 462.14
928.51 449.28
940.22 443.90
897.22 457.92
886.27 461.18
914.88 436.42
925.44 413.18
907.97 408.58
934.46 387.65
911.42 371.52
939.26 326.78
926.40 321.22
931.97 296.45
945.79 293.57
961.73 297.98
971.52 300.29
981.89 307.97
1015.30 326.59
1047.36 326.78
1031.04 348.67
993.98 358.85
979.39 358.85
958.66 379.20
972.10 386.88
973.63 408.00
964.03 408.77
952.70 427.01
1243.39 373.25
1257.41 376.90
1263.17 387.26
1258.18 399.74
1034.69 438.91
1016.26 427.01
1002.24 434.88
1005.31 450.24
1006.85 460.80
983.62 457.73
966.72 459.65
975.94 445.82
992.83 475.01
966.72 482.50
965.76 498.82
979.39 512.83
960.19 533.76
1209.79 635.90
1193.86 641.28
1175.62 632.06
1197.89 666.24
1182.34 673.73
1198.27 678.14
1209.60 674.11
1248.77 710.78
1261.44 733.63
1246.46 745.54
1200.38 738.24
1206.14 716.93
1154.69 689.66
1180.03 717.31
1162.18 708.86
1109.95 681.22
1069.82 675.26
1057.34 683.14
1086.72 665.09
1078.85 649.92
1063.30 625.15
1050.82 636.86
1103.42 612.67
1072.13 720.77
1065.22 705.79
1051.97 726.91
1108.61 747.07
1100.54 768.00
1121.28 771.46
1132.80 764.54
1146.62 769.54
1169.66 757.44
1052.35 750.53
1030.46 757.06
1051.58 771.46
1021.63 771.84
1009.73 748.03
1004.16 760.90
993.98 771.46
978.62 771.46
957.12 775.49
945.41 766.46
936.38 761.09
945.41 749.57
935.42 746.50
940.42 732.29
951.17 738.24
948.29 724.42
966.53 720.38
981.50 734.78
977.66 711.74
941.38 703.49
953.09 709.06
957.31 693.12
954.05 679.68
974.40 684.48
975.55 663.74
964.99 639.94
986.30 651.46
993.98 662.40
996.29 679.10
1015.68 660.67
1030.46 662.40
1021.82 674.69
1052.54 661.82
1063.87 649.73
1077.31 654.91
1014.34 627.46
1026.62 610.18
1039.10 597.31
1011.65 595.78
1001.47 616.13
986.30 589.44
991.30 598.27
963.65 592.70
946.75 591.74
923.33 585.79
901.63 590.78
929.86 603.84
946.37 542.59
940.80 535.10
967.10 548.54
956.54 553.15
983.42 546.62
998.78 545.66
987.46 534.34
1006.66 534.34
1020.67 559.49
835.20 547.97
814.27 543.55
820.80 553.54
808.70 571.78
791.42 589.82
795.07 567.55
781.06 563.52
839.04 577.34
827.33 588.86
813.70 603.84
830.02 631.87
822.14 637.82
782.59 640.90
824.26 660.86
810.24 666.62
852.86 664.70
849.60 648.38
872.26 650.50
885.31 646.46
886.66 625.54
862.46 625.92
927.94 708.86
916.61 758.40
880.90 755.14
830.21 690.05
851.52 684.67
862.46 687.55
860.93 705.79
902.02 695.42
914.11 693.50
901.63 677.76
927.36 671.04
907.58 660.29
926.02 643.01
908.54 639.94
928.90 628.61
949.63 633.41
949.63 654.91
804.29 699.84
808.90 730.37
796.80 723.46
787.97 729.41
803.90 746.11
789.12 750.72
791.42 770.50
776.06 771.46
772.22 756.48
822.34 762.05
836.54 776.06
848.06 775.49
792.00 621.12
775.10 621.12
767.23 618.05
758.78 642.82
743.81 653.76
731.33 653.76
711.94 659.90
730.37 637.82
711.55 635.90
702.53 644.74
727.49 615.17
719.42 620.93
704.26 610.18
699.65 628.61
672.38 644.74
675.46 660.86
688.32 651.84
666.82 650.88
652.99 658.18
676.42 621.70
673.34 609.02
668.93 582.72
693.12 567.55
666.43 553.54
651.65 637.82
789.50 673.73
775.68 669.12
763.58 684.67
752.26 677.18
742.85 679.49
742.27 691.97
781.63 718.27
843.65 737.09
833.28 727.68
739.01 736.70
753.41 710.78
728.06 718.27
719.42 730.37
700.03 729.79
711.94 707.52
713.47 695.62
695.81 721.73
684.67 738.62
693.70 744.00
680.26 714.43
669.50 733.63
653.57 723.84
632.06 720.19
599.62 729.79
616.32 738.24
636.10 739.20
646.66 761.47
630.14 763.58
614.98 770.50
615.74 785.47
657.41 763.58
675.26 774.91
648.19 775.87
696.58 753.22
712.51 761.47
712.13 743.23
712.51 774.91
730.56 772.42
724.61 764.54
733.82 752.64
747.46 757.06
752.83 766.85
758.21 774.34
569.09 732.67
516.67 727.68
498.62 731.71
500.35 709.44
489.41 754.18
617.86 812.74
633.79 816.96
607.30 854.98
658.37 840.38
652.99 854.40
676.22 841.54
680.45 825.98
695.81 826.94
701.18 824.64
695.23 841.34
706.18 845.95
714.62 830.59
658.37 803.71
682.75 797.38
671.42 798.72
677.95 817.73
701.57 799.68
730.56 788.93
752.26 796.80
736.90 815.23
766.27 808.13
777.98 785.47
787.01 792.19
783.94 805.06
805.82 783.74
802.37 796.42
796.80 807.17
791.42 819.65
801.02 830.59
783.17 842.30
763.58 835.39
759.36 827.14
747.46 844.80
744.19 860.74
735.36 850.75
721.54 854.40
691.39 881.66
705.22 884.54
722.11 878.21
730.94 887.23
736.32 874.75
751.30 873.79
741.50 887.04
755.71 891.07
737.47 905.47
721.54 902.98
706.75 905.86
696.58 902.59
683.71 902.40
690.24 967.49
686.21 991.87
697.73 989.76
705.98 967.87
708.48 953.47
717.12 959.42
719.62 979.97
727.87 976.51
712.13 1001.66
737.47 987.26
750.72 1001.28
738.24 1009.73
763.20 982.85
767.04 1001.28
781.63 1000.90
794.30 1000.32
779.71 985.34
775.68 975.36
760.13 968.06
776.45 894.53
765.31 910.46
779.52 881.09
795.84 893.18
790.85 914.30
807.94 905.09
812.74 893.57
826.56 894.53
743.42 946.18
766.27 954.05
844.99 836.35
839.23 848.83
838.46 866.30
823.30 866.30
811.78 848.83
796.80 858.43
827.33 822.53
832.51 809.66
840.58 799.30
847.10 786.82
869.76 801.60
870.72 784.90
883.39 789.89
897.60 793.34
887.62 801.79
883.39 809.66
884.74 818.50
878.78 832.90
880.32 841.34
886.66 857.28
897.22 873.79
865.92 898.56
849.98 903.94
838.66 891.65
833.28 909.50
811.39 917.95
806.40 939.84
824.26 945.02
812.16 954.24
803.33 956.54
790.46 943.68
812.93 979.78
819.84 996.67
846.14 991.87
857.09 978.82
885.31 966.14
872.45 983.42
893.18 984.38
897.60 968.64
893.57 944.26
891.26 921.98
905.09 927.36
918.91 930.62
906.62 954.05
923.33 971.52
904.70 989.76
924.48 989.76
939.84 988.22
942.14 970.56
904.13 863.62
907.97 830.40
906.62 818.11
903.55 801.22
912.58 808.70
899.71 813.50
900.10 829.06
914.50 791.23
886.85 738.24
902.59 745.73
920.45 738.62
935.81 727.87
904.70 898.94
888.19 902.98
875.71 907.58
882.82 891.65
915.07 911.81
920.06 900.48
935.23 888.00
931.39 901.63
936.77 925.25
952.13 936.77
941.76 956.93
932.74 955.01
968.45 939.65
959.23 967.10
957.12 992.26
973.06 997.25
982.08 991.30
970.94 972.86
988.99 959.04
1010.30 947.71
1021.06 929.28
996.48 932.74
985.54 924.67
965.76 912.00
1016.06 906.82
966.72 893.18
947.33 892.03
945.22 876.67
952.13 869.76
947.33 851.90
927.55 869.18
935.81 849.02
918.34 850.37
899.52 844.03
925.82 833.09
937.92 824.64
919.87 822.14
933.50 806.59
942.72 799.87
937.73 776.45
921.41 776.06
913.54 774.34
900.10 766.08
951.36 784.32
960.77 800.83
965.57 810.62
953.28 814.08
971.71 830.02
977.47 825.98
996.86 832.13
1029.50 812.16
1039.68 802.37
1011.84 823.68
1006.27 842.88
993.79 850.94
1013.18 866.30
997.82 875.14
987.84 888.19
1005.70 889.73
991.87 907.97
982.08 910.85
1000.32 914.88
1021.63 879.17
1033.54 938.11
1031.04 982.27
1024.51 999.36
1000.32 1000.32
1046.59 876.67
1055.42 897.98
1032.00 869.76
1039.10 853.25
1022.78 856.70
1015.30 850.75
1027.58 835.97
1039.10 826.94
1046.59 840.00
1057.92 831.94
1055.42 812.16
1068.29 822.14
1082.30 811.58
1092.10 818.11
1109.57 824.45
1132.80 827.90
1133.38 847.30
1107.46 868.80
1090.75 870.34
1124.35 883.97
1139.71 882.24
1149.31 863.81
1159.68 835.01
1176.58 837.31
1188.48 765.89
1199.42 793.34
1209.60 791.42
1182.91 792.38
1201.15 825.41
1179.46 818.50
1206.34 858.82
1195.39 875.33
1200.77 898.37
1224.19 920.45
1228.61 907.01
1215.17 903.55
1208.26 909.31
1210.75 928.70
1195.39 939.26
1217.66 955.97
1237.44 961.92
1243.58 954.24
1225.54 972.86
1217.28 979.39
1225.73 988.22
1234.37 979.78
1241.09 971.90
1253.38 996.29
1245.50 985.34
1239.94 1012.61
1226.69 1007.23
1237.63 1001.66
1258.37 1016.06
1251.84 1026.43
1226.69 1037.57
1221.70 1046.40
1240.90 1039.49
1263.36 1036.42
1255.87 1051.39
1252.99 1073.09
1227.07 1071.74
1208.64 1063.30
1205.76 1080.77
1215.17 1094.21
1228.61 1087.10
1248.38 1106.50
1268.16 1102.08
1265.28 1111.10
1256.83 1127.23
1242.05 1135.87
1228.61 1124.93
1213.82 1126.85
1203.84 1109.57
1214.21 1105.54
1193.86 1112.83
1180.03 1138.18
1166.40 1146.24
1192.32 1142.21
1182.91 1117.44
1172.35 1122.82
1164.67 1109.95
1165.63 1102.46
1171.01 1088.64
1145.28 1091.71
1137.79 1114.94
1145.09 1124.35
1131.46 1128.38
1142.21 1132.42
1122.43 1144.13
1104.00 1133.76
1092.67 1132.42
1083.07 1133.76
1075.39 1143.74
1071.74 1126.85
1059.46 1125.89
1066.18 1100.54
1088.06 1103.42
1077.31 1110.91
1120.90 1102.66
1129.34 1096.51
1128.38 1114.37
1155.07 1105.54
1110.34 1083.07
1103.04 1075.58
1086.14 1061.95
1074.82 1073.66
1068.86 1066.75
1054.46 1073.66
1029.12 1059.46
1040.64 1045.44
1051.97 1013.57
1046.02 1009.15
1037.18 1019.14
1042.56 1026.43
1021.06 1015.68
1010.11 1007.81
994.37 1009.15
989.57 1015.68
1001.47 1024.51
993.79 1032.19
1007.23 1041.60
1022.59 1041.60
1021.06 1032.58
1036.61 1036.99
1010.11 1055.23
1013.76 1067.33
1026.62 1074.62
1038.91 1082.11
1019.71 1095.55
1055.42 1108.61
1038.53 1111.10
1043.14 1134.14
1026.05 1135.30
1002.82 1140.67
1010.30 1127.42
932.35 1014.53
946.18 1007.62
947.33 1023.17
957.12 1010.30
966.14 1019.52
966.53 1038.53
957.70 1029.12
949.63 1040.83
980.35 1047.94
990.91 1044.48
994.94 1063.68
980.54 1085.76
968.45 1062.34
990.91 1099.58
984.38 1090.75
999.36 1085.57
1004.16 1097.66
1011.84 1089.98
988.80 1132.80
976.51 1143.74
967.10 1130.69
978.62 1117.44
964.22 1105.92
900.67 1011.26
886.27 1013.18
881.86 1019.71
888.58 1022.02
900.67 1046.98
881.66 1042.37
867.26 1025.66
862.27 1011.26
857.86 1003.39
846.91 1002.82
916.03 1029.50
931.97 1036.99
916.61 1044.10
928.32 1065.22
941.18 1072.13
942.14 1061.38
947.71 1062.72
954.05 1076.35
935.81 1088.06
941.76 1098.62
933.31 1108.42
926.02 1096.51
930.24 1119.94
927.94 1126.27
944.26 1134.14
943.68 1122.82
945.79 1107.46
886.08 1089.98
897.02 1082.11
895.10 1068.67
912.96 1070.78
908.54 1097.66
865.54 1088.64
856.51 1102.08
869.95 1108.42
881.86 1119.74
889.73 1123.97
909.50 1123.01
908.54 1140.10
893.18 1141.82
872.45 1145.28
880.13 1134.34
843.65 1141.82
831.55 1137.79
841.73 1123.97
855.36 1133.18
854.02 1112.45
822.14 1114.56
821.76 1097.47
832.51 1113.02
842.69 1092.67
855.36 1041.60
842.69 1041.98
803.90 1078.27
793.92 1090.18
788.93 1066.18
788.93 1051.01
803.52 1061.38
834.24 1045.06
829.25 1020.67
806.40 1025.47
794.50 1036.03
794.30 1046.98
774.14 1020.10
740.93 1018.18
730.94 1015.68
692.35 1016.26
652.03 1019.71
675.26 1034.11
697.73 1056.77
710.98 1051.01
721.54 1059.46
739.01 1056.77
743.81 1071.74
714.43 1081.15
698.30 1083.07
683.71 1079.81
681.41 1095.17
691.78 1107.07
704.64 1106.11
726.34 1098.05
734.02 1117.44
748.22 1109.95
772.22 1117.44
760.32 1126.85
747.84 1126.46
773.57 1136.26
788.93 1147.20
759.74 1145.66
745.92 1143.36
726.53 1142.78
716.16 1141.63
704.26 1140.10
688.32 1139.14
671.04 1141.25
682.94 1123.78
469.44 1136.83
434.30 1063.30
445.63 1064.83
445.25 1072.13
418.94 1062.91
411.84 1035.46
409.34 1021.63
442.18 1005.70
457.15 983.04
449.66 960.58
462.53 956.16
441.60 954.62
408.96 955.58
