549.31 1051.01
528.96 1074.62
486.91 1036.61
474.43 1065.79
504.96 1127.42
545.66 1116.29
559.49 1126.66
576.58 1112.45
567.74 1093.25
579.46 1036.22
551.62 997.63
547.78 1010.50
570.62 987.46
515.71 983.04
570.24 973.25
601.54 1039.30
595.97 1024.13
596.93 1012.03
609.79 1000.13
609.41 986.30
609.02 973.44
637.63 976.70
636.10 999.94
646.46 1050.43
640.70 1050.43
657.41 973.25
647.81 992.83
666.82 978.05
627.84 1074.62
613.06 1080.77
604.03 1108.80
637.63 1121.28
598.27 1139.52
684.29 1123.01
679.49 1068.29
703.10 1090.37
715.58 1075.97
733.06 1082.11
740.74 1072.51
764.74 1100.54
788.16 1132.99
696.00 1021.63
686.40 1015.87
696.38 1003.39
713.09 1003.78
769.73 1022.21
791.04 1023.36
808.90 1021.63
912.19 1119.94
913.54 1138.37
965.57 1092.86
982.66 1097.09
994.75 1102.46
700.99 946.37
481.54 910.46
471.94 938.69
503.62 930.43
516.48 890.50
665.66 884.16
693.12 878.02
689.47 871.30
668.93 870.34
670.27 856.70
668.54 830.78
693.50 826.37
696.96 811.58
720.19 822.91
717.31 807.17
723.46 893.76
704.83 901.63
728.64 883.01
730.94 872.83
716.54 875.90
741.89 907.01
757.25 913.73
753.22 927.17
767.81 929.09
739.78 948.67
715.20 947.14
716.16 921.79
702.34 921.79
766.85 963.46
783.94 964.61
807.36 969.22
807.36 983.04
822.72 965.95
790.66 903.36
779.33 892.03
775.10 880.90
767.81 865.92
795.26 870.53
795.65 858.82
802.37 860.35
815.62 915.07
829.44 910.85
831.36 894.53
747.26 847.87
762.62 831.74
753.02 832.51
830.98 861.70
820.99 847.49
816.00 831.74
816.00 822.91
855.55 821.38
855.94 884.16
849.79 903.36
864.77 922.56
885.70 931.78
875.52 962.11
948.10 1071.36
945.22 1049.28
870.53 877.06
892.61 877.06
852.67 856.32
846.53 843.84
886.08 852.86
873.02 843.84
873.98 828.29
880.13 815.04
889.34 819.65
895.49 832.13
916.03 830.78
902.98 844.61
907.58 860.93
922.56 865.34
932.35 852.86
907.20 813.70
925.63 821.76
928.90 833.66
939.65 820.42
944.83 833.86
949.63 849.60
953.09 832.90
964.22 851.33
969.22 825.02
976.70 822.91
988.42 829.63
964.22 865.54
940.99 886.66
996.29 856.70
1038.14 863.42
1011.84 903.36
995.90 901.25
980.54 916.99
1014.34 930.43
988.42 950.40
969.41 964.61
983.42 978.05
952.32 962.50
946.37 953.86
938.11 963.84
978.43 1044.29
988.42 1027.58
1015.10 1032.96
998.78 1057.54
1006.08 1056.77
1007.62 1072.90
1013.38 1114.56
1018.56 818.69
991.30 816.19
1042.18 820.42
1051.39 815.42
1016.83 854.21
1087.10 939.65
1075.58 972.10
1073.86 960.77
1037.57 983.42
1049.66 1022.59
1042.18 1038.34
1022.21 1059.65
1048.90 1116.29
1051.01 1099.58
1032.19 1111.30
1079.81 1137.22
1077.12 1127.04
1124.35 1099.58
1102.66 1066.75
1093.82 1039.68
1107.26 1004.16
1142.98 1038.72
1076.74 1006.66
1115.90 942.53
1158.53 996.67
1166.78 1022.02
1181.76 1041.79
1275.84 1043.71
1284.67 1064.26
1232.06 1124.93
1203.07 1142.59
1181.76 1129.15
1156.42 1117.63
1161.79 982.08
1216.32 969.60
1214.59 941.18
1167.17 942.14
1279.68 856.32
1277.57 807.55
1223.42 760.32
1214.21 764.93
1248.77 799.10
1249.73 763.78
1268.35 744.19
1245.50 717.12
1206.72 700.03
1204.22 688.70
1178.50 689.28
1188.48 663.74
1176.00 663.36
1174.66 643.78
1183.49 635.90
1192.13 644.54
1212.67 647.62
1231.68 642.43
1234.18 659.52
1274.30 704.64
1292.16 700.42
1337.47 619.58
1345.15 631.30
1335.94 577.92
1301.38 576.77
1305.98 599.23
1262.98 608.83
1246.85 604.61
1223.04 609.98
1224.77 623.23
1204.22 621.70
1209.98 630.53
1191.36 614.98
1157.95 622.46
1173.89 614.59
1159.68 629.57
1146.43 644.93
1151.81 663.36
1158.91 677.57
1146.43 691.58
1136.83 700.42
1124.35 704.26
1128.77 681.60
1125.89 689.09
1112.64 676.61
1142.59 676.22
1117.63 658.37
1134.34 649.54
1110.91 640.90
1096.70 640.90
1123.78 640.51
1137.60 634.56
1125.89 622.08
1104.19 622.85
1096.32 615.74
1082.11 601.73
1105.15 592.13
1124.35 600.77
1131.46 593.86
1133.76 582.91
1164.67 580.03
1178.88 589.25
1197.50 588.67
1227.07 584.26
1202.69 573.31
1254.14 589.63
1257.98 576.58
1180.61 567.55
1200.58 559.49
1184.26 551.62
1157.18 566.98
1140.10 567.94
1111.68 580.03
1088.45 574.27
1076.35 585.79
1065.60 593.66
1048.51 598.66
1047.55 607.10
1036.42 611.71
1020.10 618.43
1011.46 623.42
1001.47 637.06
988.99 647.42
974.78 660.86
963.84 669.12
967.30 681.22
952.32 687.55
951.74 707.52
962.69 724.22
945.22 729.60
960.96 738.24
959.42 745.54
949.82 754.18
959.23 761.66
973.06 770.50
983.42 770.50
1008.38 783.74
992.26 794.11
994.37 802.56
978.05 797.18
1006.46 808.70
1021.06 803.33
1038.14 792.00
1045.44 802.94
1101.31 718.27
1111.30 707.90
1126.85 715.01
1114.75 729.60
1106.88 741.70
1106.69 731.33
1128.96 745.34
1119.74 751.68
1110.53 764.93
1136.45 755.90
1146.05 736.70
1161.41 723.46
1154.69 719.23
1175.04 710.78
1168.90 699.07
1195.58 723.46
1055.62 781.63
1043.90 782.02
1025.66 781.63
1043.52 757.06
1055.23 742.08
1067.52 749.18
1070.21 735.36
1051.39 730.75
1038.14 734.21
1027.20 729.98
1012.61 741.31
1010.11 755.52
996.48 758.40
1001.47 737.86
981.50 750.53
984.00 735.94
987.65 720.77
977.66 720.00
974.21 703.87
988.80 710.40
1006.46 714.24
1020.10 713.66
1031.04 704.64
1041.02 711.74
1033.92 724.61
1058.50 718.85
1056.38 708.86
1066.75 698.69
1078.85 702.91
1075.97 714.24
1099.39 697.54
1104.77 685.06
1083.07 669.70
1080.19 683.71
1096.70 670.08
1081.34 651.26
1065.98 642.82
1082.11 628.80
1065.60 628.42
1072.70 619.20
1053.50 614.98
1040.64 620.35
1031.04 628.80
1018.37 642.05
1005.12 651.26
991.49 662.40
978.82 674.11
978.43 680.06
1002.24 690.05
1007.62 677.95
1007.62 663.74
1020.86 655.49
1028.16 669.70
1044.67 670.08
1037.57 656.64
1051.78 659.14
1068.86 659.14
1058.50 648.00
1010.11 728.26
777.79 818.30
787.39 801.22
803.14 796.22
809.86 789.70
810.24 813.70
821.38 808.32
836.54 816.58
838.46 802.18
838.46 786.24
876.48 799.68
876.10 789.12
880.90 784.13
893.95 768.38
905.66 765.89
924.67 765.89
914.69 786.24
929.28 792.00
937.15 791.23
937.34 782.02
952.13 777.60
939.26 768.00
946.75 763.78
927.55 731.71
927.74 741.31
918.53 751.30
900.67 742.08
891.84 753.02
885.12 727.87
873.02 728.83
907.58 725.38
912.77 715.78
930.24 710.40
902.21 707.14
910.27 693.31
927.17 687.94
937.34 689.28
937.34 668.74
950.98 661.63
962.30 650.88
976.32 642.43
988.03 636.67
996.29 623.81
1007.62 612.10
1018.56 606.34
1030.46 596.35
1022.98 586.18
1039.30 580.03
1024.70 569.09
1001.47 579.65
993.41 577.92
989.38 591.74
979.01 607.10
992.64 608.83
987.26 617.47
971.33 628.03
957.31 640.32
948.10 648.00
929.66 652.99
930.05 640.90
931.39 627.46
944.26 631.30
941.38 617.86
932.35 611.71
942.72 607.49
956.74 588.29
946.75 580.80
959.23 573.70
972.29 567.55
970.56 577.92
967.30 605.38
955.97 608.83
957.31 623.23
916.80 599.23
925.25 593.28
906.05 588.29
915.26 575.04
890.50 585.79
881.09 595.39
897.60 601.73
890.11 611.71
903.94 616.70
893.57 634.94
907.58 632.83
921.02 634.94
913.54 644.16
915.65 652.61
909.70 660.48
891.46 669.50
906.43 676.99
891.46 689.09
888.19 682.56
873.02 683.33
876.48 696.58
873.98 710.78
861.12 705.79
852.67 710.40
843.07 708.29
833.09 718.27
841.34 728.83
831.36 735.74
829.44 756.29
819.84 753.02
817.34 737.86
814.46 726.34
853.44 744.96
871.87 747.84
858.62 757.44
870.91 761.66
865.15 767.62
777.79 765.50
783.17 782.02
788.54 754.56
783.17 744.96
786.05 726.34
772.61 733.44
771.07 748.42
760.51 782.59
757.63 769.92
732.67 799.49
711.36 785.09
713.09 773.76
699.46 775.87
673.54 797.95
654.72 789.70
668.16 778.75
662.40 769.54
665.28 759.17
655.30 739.97
625.34 738.82
685.63 722.88
707.71 737.09
718.66 752.06
736.51 738.24
891.84 649.15
883.58 656.64
883.58 575.81
868.03 579.65
857.28 574.08
845.95 569.09
831.94 571.20
823.10 570.43
836.93 596.16
822.34 593.28
830.59 585.02
850.18 583.68
845.95 613.82
850.18 619.97
859.39 608.83
866.50 602.88
838.46 632.83
824.45 613.44
815.23 613.82
799.87 588.86
806.02 576.58
811.78 579.26
785.66 575.04
777.79 572.93
778.18 589.25
777.22 601.34
780.29 612.48
763.97 612.86
760.13 596.35
758.02 578.69
746.11 576.77
744.38 600.00
744.77 610.75
748.99 633.02
770.69 625.34
766.85 635.90
764.74 649.54
758.21 654.91
763.20 661.25
781.06 664.70
782.78 656.26
788.93 648.38
803.90 646.66
809.28 656.26
821.76 651.26
831.36 650.88
851.52 648.77
842.69 660.48
819.26 667.97
745.73 715.78
734.78 724.99
757.25 728.26
771.07 705.41
788.16 703.87
783.17 717.12
819.26 702.53
834.82 690.43
849.79 677.57
859.01 659.14
762.24 686.59
756.10 695.81
743.62 703.68
729.02 703.87
604.42 802.94
615.55 779.52
601.15 778.37
558.91 784.51
553.92 774.91
565.25 770.50
576.19 743.81
562.75 734.98
543.17 738.43
542.02 750.34
516.10 758.40
521.86 749.18
526.46 728.26
513.60 717.89
502.85 707.52
500.35 697.92
473.66 702.14
462.72 724.61
455.62 706.18
468.29 688.32
453.50 679.49
449.09 672.00
461.18 665.09
458.11 660.10
479.42 667.20
490.18 659.14
523.97 653.76
522.82 662.02
554.50 674.50
552.77 683.71
566.98 694.66
546.43 712.51
530.69 705.41
571.01 721.15
582.72 717.12
577.34 686.21
585.98 684.29
583.10 694.08
615.55 688.32
662.40 705.41
653.95 712.51
640.70 712.13
632.64 721.15
646.85 725.95
681.02 676.61
689.86 682.56
695.62 669.70
709.82 670.08
715.58 679.68
709.44 700.03
721.54 688.32
726.53 673.73
750.14 680.83
739.01 654.53
739.01 640.51
721.54 648.77
700.99 637.44
710.21 625.34
729.02 621.70
721.54 603.84
730.56 591.36
720.96 564.67
712.70 571.58
711.36 586.18
694.85 590.78
685.63 599.62
686.02 611.71
698.11 607.49
705.22 607.87
696.00 623.42
682.37 622.08
672.00 638.78
669.31 650.11
651.84 651.65
631.87 657.98
634.75 668.74
625.73 672.19
633.98 684.29
660.67 684.29
663.94 675.46
616.51 648.38
620.74 625.92
629.76 609.98
631.49 588.86
653.57 628.80
668.54 625.54
647.23 634.94
667.39 610.94
653.18 613.44
663.55 597.89
673.15 587.14
672.00 569.66
662.40 560.83
611.52 580.42
636.10 584.06
593.47 586.75
581.57 590.78
588.67 602.11
578.50 601.34
590.98 614.21
612.67 669.12
597.70 666.24
585.60 662.59
574.46 659.14
573.70 667.58
480.19 652.03
471.55 639.17
447.36 639.17
458.30 623.23
452.74 609.22
486.14 610.37
470.59 600.00
519.74 623.42
510.72 633.79
523.20 611.33
546.05 610.75
542.78 626.30
449.86 586.18
464.45 572.93
485.76 569.66
514.75 566.98
531.07 570.82
537.79 562.18
561.98 565.82
567.74 567.94
571.58 556.22
594.82 563.33
605.18 554.69
646.08 553.34
655.68 539.52
671.04 553.73
690.62 556.99
697.34 549.12
713.47 549.50
728.45 548.35
744.77 543.74
709.06 493.44
629.38 505.73
625.34 517.44
571.58 516.67
477.70 527.81
442.37 494.21
442.75 482.50
71.81 339.07
12.67 274.94
21.70 246.34
31.30 260.93
86.02 305.86
85.82 225.02
149.18 225.41
217.54 312.58
299.14 359.62
313.73 351.74
326.59 365.76
304.51 382.08
309.12 391.30
353.28 394.56
311.62 405.31
310.46 425.86
347.14 435.07
357.12 445.44
340.42 477.12
306.62 481.34
309.70 471.36
352.51 481.15
368.26 481.73
379.97 475.01
388.42 481.73
392.83 491.71
422.02 490.37
424.13 464.64
404.93 469.63
474.24 464.26
486.14 469.63
502.46 466.75
520.70 460.42
527.04 444.10
540.29 437.95
512.83 437.57
496.70 436.22
491.33 448.70
463.30 441.60
462.91 433.34
449.66 421.63
458.69 410.88
433.73 381.70
418.75 424.90
404.93 435.84
385.92 418.75
385.34 395.90
419.14 356.35
385.92 339.26
408.00 336.58
413.76 322.94
370.94 330.43
346.18 331.97
376.70 307.01
390.91 294.91
414.14 299.90
426.24 311.62
429.70 301.63
416.26 283.39
420.86 270.72
391.68 268.42
376.32 267.07
377.86 249.98
337.15 243.26
314.69 247.49
304.51 274.18
300.10 269.95
302.02 286.27
322.94 290.50
301.25 233.66
294.53 215.04
351.74 225.41
408.77 218.30
434.11 220.80
447.55 222.91
444.67 232.13
456.19 246.34
445.06 256.32
436.22 264.19
443.33 262.85
449.66 278.02
437.95 278.40
453.31 282.05
482.88 267.84
476.16 250.37
490.37 246.72
466.56 232.13
471.74 220.03
485.76 222.14
487.87 208.32
504.96 215.81
503.42 233.66
509.18 260.74
510.72 288.00
502.85 287.81
473.66 282.05
442.56 310.46
462.53 329.09
470.78 339.65
484.99 343.30
484.22 331.58
482.88 322.94
468.67 319.49
482.11 300.10
499.97 327.94
505.73 315.84
517.82 312.38
480.77 400.51
472.51 489.22
479.62 492.86
492.86 489.60
512.06 487.49
539.14 485.38
560.45 480.00
562.94 476.16
571.58 481.34
585.02 478.66
589.06 472.51
582.14 463.68
581.57 453.31
570.82 443.33
561.98 444.67
545.28 452.16
557.95 464.26
559.87 437.57
569.47 426.24
581.95 440.06
539.90 419.90
530.88 419.90
521.28 415.10
527.81 432.96
499.97 424.51
482.50 385.73
494.98 389.95
498.62 365.38
530.50 373.25
508.42 384.96
512.45 397.82
521.28 389.18
535.87 403.78
542.98 396.29
541.25 386.30
556.22 390.34
559.49 375.74
567.36 394.56
558.72 400.90
571.97 403.78
565.06 408.00
574.66 413.38
584.45 412.42
589.06 426.62
609.60 427.39
617.09 435.07
596.74 441.60
600.77 450.05
612.86 453.31
612.10 468.29
621.31 477.50
532.80 345.41
513.41 353.28
543.36 345.79
537.02 326.21
530.50 315.84
539.52 307.58
523.78 298.75
533.76 288.77
539.52 284.16
530.50 260.93
538.37 234.24
522.82 200.06
465.41 191.62
432.19 195.84
416.64 205.06
396.29 206.98
377.47 209.47
411.65 192.38
407.04 185.47
483.84 192.96
503.81 186.24
537.79 200.06
548.74 184.13
557.95 207.94
547.97 232.13
564.48 246.14
549.12 257.47
569.47 272.45
577.54 247.49
571.58 230.02
573.31 200.83
569.86 180.48
584.06 195.46
604.61 189.12
605.38 285.89
590.40 260.93
602.88 256.32
599.04 240.77
592.13 213.70
602.88 206.21
610.37 217.54
621.70 206.21
633.60 204.10
633.79 198.72
646.66 205.06
652.80 188.35
634.94 184.13
663.17 192.58
669.89 201.60
658.75 210.82
671.23 219.07
664.90 236.74
655.87 246.14
639.94 238.27
627.84 231.74
619.58 247.49
615.74 259.20
616.51 269.18
634.56 254.98
633.79 275.90
621.31 284.16
639.94 293.76
626.69 303.74
620.35 329.09
605.38 335.42
600.77 330.05
583.68 342.53
569.47 333.70
571.20 316.61
566.59 309.89
580.42 304.90
588.29 320.45
557.95 289.92
551.62 299.52
545.86 316.22
556.61 332.16
566.59 348.29
560.83 358.27
570.05 367.87
585.02 390.91
588.29 383.42
594.05 369.60
606.14 385.34
611.52 398.78
600.38 395.52
629.57 427.97
645.89 444.10
651.65 435.84
659.14 459.26
645.70 459.07
637.82 452.93
632.45 466.18
666.62 454.08
632.06 393.79
627.46 382.08
619.58 363.65
614.98 352.51
643.20 354.24
648.19 387.07
644.93 380.93
658.18 371.14
667.39 361.34
671.23 384.19
665.28 379.97
660.29 387.46
667.39 401.28
659.52 410.88
637.82 420.10
682.37 425.86
691.58 435.46
706.18 451.78
706.18 448.32
721.15 441.60
741.70 451.58
749.18 448.70
794.11 447.17
809.47 448.70
820.80 448.70
819.07 436.61
833.28 446.21
844.99 447.55
854.78 445.44
844.80 435.46
852.29 427.01
855.36 414.91
835.01 415.49
827.33 414.53
829.82 430.46
811.20 416.26
807.74 424.13
795.26 426.24
783.55 413.38
769.54 414.53
741.50 422.40
861.50 377.86
849.98 393.41
847.30 405.31
827.90 400.90
806.59 409.15
828.67 388.42
837.31 376.32
844.99 360.77
849.41 350.78
821.95 372.86
812.93 378.43
794.88 382.85
783.55 375.94
771.07 380.35
759.55 397.06
743.23 380.93
732.10 381.70
720.38 400.32
724.03 408.38
708.67 410.88
710.02 400.90
686.98 407.42
697.92 396.67
691.58 394.94
702.34 368.64
710.40 377.47
684.10 370.37
674.11 353.66
669.89 336.77
654.53 345.79
647.81 331.58
635.33 333.31
660.67 320.06
660.86 327.55
659.52 303.36
672.96 315.46
684.86 325.06
698.30 324.67
701.95 342.91
700.42 358.27
713.66 332.16
726.53 328.32
735.36 334.66
720.00 353.28
735.36 355.39
725.38 370.37
746.11 365.76
759.55 353.28
771.07 365.38
773.18 348.67
784.13 355.39
794.11 352.13
796.22 339.07
808.13 351.55
814.46 346.56
815.81 360.00
831.55 332.54
846.91 328.32
847.49 317.95
841.92 302.02
841.15 292.80
670.85 270.72
679.10 269.18
692.93 268.22
690.43 285.89
667.78 290.88
702.91 281.66
710.78 286.27
705.41 303.36
729.02 309.12
724.61 286.66
740.35 287.42
755.33 292.42
752.83 298.37
726.53 269.57
738.62 270.72
736.51 248.64
725.76 254.98
711.55 254.98
689.86 243.84
686.98 228.67
677.95 244.61
707.33 227.14
697.54 221.57
700.80 196.99
684.48 198.72
693.70 183.74
677.38 187.39
704.45 172.03
685.82 166.66
752.83 324.48
751.49 346.18
761.09 336.58
776.64 332.93
784.90 336.77
777.79 322.18
790.27 326.59
800.83 330.05
810.24 319.68
824.83 307.97
827.71 299.52
814.85 300.48
790.85 290.50
780.67 307.39
769.92 312.96
760.70 313.34
803.33 313.34
792.38 313.34
774.53 287.04
760.70 276.29
773.57 265.92
771.26 251.14
742.08 234.62
751.68 233.28
742.85 217.15
727.49 215.81
719.42 194.88
714.05 189.50
731.90 185.09
731.14 162.82
750.34 173.76
752.45 187.97
748.61 201.22
767.42 207.17
762.43 223.68
778.18 236.35
790.85 247.87
794.11 230.02
791.62 222.53
803.33 210.43
786.24 205.06
793.73 196.61
788.74 275.90
794.50 262.85
806.59 252.48
809.47 270.34
806.59 284.16
829.06 272.45
843.26 274.18
842.30 264.58
832.90 258.24
855.74 270.72
865.34 264.19
879.36 269.57
894.53 267.46
906.24 264.96
917.38 267.46
926.59 267.84
930.62 255.94
918.72 245.76
904.51 246.14
895.30 237.50
891.07 248.83
875.33 251.14
864.00 253.63
862.46 237.89
869.38 229.06
877.82 234.62
910.66 230.78
907.01 210.43
896.64 213.70
883.97 193.73
869.95 210.82
859.01 210.43
838.66 218.30
825.79 230.02
836.93 236.35
851.14 220.80
821.57 202.18
809.86 180.86
789.12 175.87
776.64 167.42
778.75 185.86
829.44 187.39
828.67 165.89
848.26 164.54
844.80 190.08
864.96 180.10
871.87 166.27
886.08 172.42
907.01 169.92
905.66 156.29
915.65 156.67
924.86 155.71
942.72 163.39
946.56 157.44
955.78 166.66
930.24 182.02
921.98 185.86
912.77 180.48
928.13 174.53
909.89 188.74
909.89 197.95
937.73 217.92
943.68 240.77
942.72 252.10
924.86 237.12
956.93 245.76
955.20 257.86
809.09 526.27
795.84 532.03
805.82 548.74
835.78 543.74
850.75 539.14
862.85 535.49
873.22 538.75
871.49 550.46
882.82 558.34
890.69 539.14
896.64 552.58
908.74 551.23
935.23 554.69
933.12 541.63
928.70 529.54
905.66 523.78
933.12 515.33
940.61 503.23
948.29 522.43
959.04 537.98
962.88 525.50
979.78 523.39
967.30 534.53
990.34 537.60
999.36 524.16
990.34 520.90
1010.69 510.53
1017.02 525.89
1024.13 518.40
978.24 495.94
956.54 501.70
961.54 479.62
981.50 480.00
992.26 473.28
942.72 452.54
929.09 453.31
928.70 461.57
928.70 481.34
928.32 439.49
929.47 427.58
927.36 410.30
928.32 395.90
930.62 384.58
928.13 369.98
930.62 351.74
927.36 327.94
939.46 336.77
923.52 293.76
946.18 290.88
952.32 314.69
949.82 342.53
955.39 358.85
939.84 359.62
956.93 369.60
979.78 341.18
981.12 364.61
986.50 373.82
977.47 376.32
979.39 396.67
971.90 404.93
959.42 402.43
950.21 405.89
948.29 417.41
961.54 425.47
948.29 438.72
968.26 416.26
984.00 416.64
974.02 443.71
996.86 426.62
1003.20 418.75
1003.97 405.31
1009.54 392.83
997.25 393.41
1014.91 432.00
1001.09 440.45
996.48 455.42
985.73 455.42
992.45 482.11
997.44 498.43
1006.85 474.62
1014.53 465.79
1022.02 466.56
1013.18 482.50
1029.89 495.74
1041.60 496.32
1057.34 502.08
1061.95 514.94
1068.48 514.94
1052.74 528.38
1040.26 528.00
1040.26 545.47
1023.17 547.01
1011.84 557.95
1001.86 547.58
1012.42 550.46
989.76 556.61
1049.86 568.32
1060.99 555.84
1081.15 555.46
1087.68 544.90
1092.29 532.42
1112.26 545.09
1117.25 562.56
1129.34 549.50
1131.84 537.02
1141.82 537.98
1142.21 528.00
1157.38 524.16
1137.22 510.53
1129.34 508.80
1113.98 509.18
1104.77 511.68
1108.61 519.94
1089.41 512.83
1073.66 521.66
1064.45 535.49
1074.43 504.96
1089.79 500.93
1106.88 490.75
1123.58 481.73
1134.72 490.37
1152.00 487.87
1153.54 481.34
1165.63 475.01
1173.89 461.18
1131.84 466.56
1117.25 464.06
1100.74 472.90
1086.14 470.78
1081.15 479.23
1066.56 482.50
1070.98 471.74
1065.60 467.90
1042.37 472.51
1051.20 459.26
1029.12 453.31
1039.87 445.06
1028.16 429.12
1033.15 409.15
1047.74 405.31
1053.50 427.01
1057.73 433.73
1073.66 448.32
1080.19 440.83
1095.17 437.95
1101.12 425.47
1093.63 421.63
1075.78 423.36
1070.98 419.14
1075.58 408.00
1066.94 391.30
1059.84 388.80
1040.26 392.83
1037.38 384.58
1019.90 395.33
1019.90 354.62
1004.35 356.16
992.83 348.29
1012.42 362.88
1002.05 325.06
1011.84 323.71
1032.77 321.98
1024.90 322.18
1039.87 335.04
1029.89 346.56
1043.14 356.35
1058.11 358.66
1043.14 370.75
1064.06 361.73
1072.32 351.17
1061.57 335.04
1059.07 322.18
1045.25 315.84
1072.70 318.34
1080.58 330.82
1083.26 324.10
1096.51 318.72
1099.39 327.55
1114.75 315.84
1124.93 313.73
1127.42 329.66
1111.10 344.64
1095.36 345.02
1083.65 350.78
1120.32 344.64
1080.77 360.38
1086.91 365.76
1102.66 355.01
1118.21 367.49
1109.76 368.83
1093.25 374.59
1089.79 381.70
1075.58 366.72
1107.26 383.42
1095.36 395.90
1115.14 393.41
1118.98 400.32
1107.65 402.43
1127.42 379.97
1139.71 394.56
1142.40 378.24
1131.07 371.33
1134.34 361.34
1150.66 357.50
1148.54 351.55
1168.90 362.50
1173.89 353.86
1179.46 387.07
1176.96 392.45
1159.49 394.56
1154.30 408.77
1173.50 512.06
1179.46 503.23
1196.16 516.29
1188.10 516.67
1194.43 509.95
1179.07 537.60
1159.87 542.59
1152.00 544.51
1194.82 536.64
1214.40 531.26
1212.29 513.79
1227.26 520.32
1239.74 525.89
1250.69 530.50
1260.29 523.39
1248.58 511.30
1244.74 509.57
1255.68 489.22
1231.49 497.09
1218.24 495.94
1222.66 478.27
1236.10 472.51
1230.53 461.18
1207.30 455.42
1228.03 437.57
1195.20 433.73
1156.99 436.99
1156.03 448.32
1140.29 446.21
1123.20 439.68
1127.23 427.58
1119.36 421.25
1131.07 412.99
1148.16 425.09
1160.26 420.10
1370.30 566.21
1426.56 503.81
1436.16 506.30
1436.16 496.70
1458.24 502.08
1489.15 510.34
1506.05 503.81
1494.14 499.58
1494.14 481.34
1486.08 473.86
1227.46 565.44
1241.66 557.95
1253.38 548.74
1214.59 555.46
1278.72 556.61
1270.85 546.62
1276.22 530.50
1295.42 525.31
1300.80 535.87
1335.74 543.36
1336.13 525.89
1345.34 523.78
1357.82 535.87
1356.67 547.97
1389.89 523.01
1375.30 523.39
1395.26 498.82
1392.00 489.22
1379.90 478.27
1365.31 465.02
1373.76 458.30
1370.69 472.13
1342.08 490.37
1335.74 478.85
1314.43 486.14
1295.42 503.81
1289.86 482.11
1283.33 474.62
1263.74 473.28
1254.14 453.70
1252.42 439.49
1248.19 418.37
1265.66 414.91
1259.14 395.90
1247.04 394.18
1240.32 380.93
1225.34 399.94
1226.11 410.88
1217.86 402.82
1203.65 398.78
1193.66 405.31
1179.65 408.77
1207.10 424.90
1195.39 376.70
1212.48 377.47
1210.75 366.34
1207.49 350.02
1207.10 337.54
1206.14 321.22
1224.00 342.53
1179.65 319.49
1165.82 318.72
1152.00 317.18
1142.78 316.22
1426.56 443.71
1408.32 458.69
1487.42 439.10
1507.39 412.03
1531.58 427.01
1526.02 367.10
1486.85 343.68
1432.90 352.13
1413.12 355.01
1416.96 383.23
1437.31 415.87
1408.13 421.25
1388.16 435.46
1460.35 398.40
1367.42 394.56
1323.26 414.14
1313.28 409.15
1301.95 435.46
1332.86 436.22
1339.97 445.44
1348.61 435.07
1365.31 440.45
1297.73 401.66
1284.86 388.22
1268.35 375.36
1253.18 368.26
1244.16 362.88
1243.20 369.98
1236.29 362.88
1226.11 351.55
1249.92 330.43
1231.68 309.12
1254.53 317.57
1259.52 314.69
1274.11 318.34
1281.60 327.55
1290.43 311.62
1304.45 310.46
1295.23 332.16
1292.35 350.40
1308.67 342.91
1296.19 361.73
1307.90 364.99
1317.50 375.36
1339.58 351.55
1352.83 350.40
1354.56 357.89
1361.66 347.90
1372.80 343.30
1376.06 349.25
1389.50 343.68
1389.50 338.30
1382.02 329.09
1357.44 326.21
1344.96 312.38
1365.31 305.09
1364.93 296.26
1365.31 273.79
1348.99 272.06
1352.83 390.91
1364.16 385.73
1336.13 389.18
1325.76 398.02
1294.85 228.67
1287.94 235.78
1263.17 237.31
1245.31 239.81
1226.69 240.19
1209.60 242.11
1196.54 242.69
1184.45 243.84
1167.55 237.31
1145.47 248.45
1133.76 248.06
1125.70 243.84
1128.38 233.86
1135.87 212.93
1153.34 218.50
1160.45 218.11
1157.38 209.28
1204.03 201.41
1212.10 202.56
1210.75 163.01
1224.96 166.27
1234.94 188.54
1253.76 201.41
1266.24 186.05
1272.77 118.08
1260.67 117.31
1154.50 82.56
1193.28 17.66
1186.94 6.34
1101.31 35.14
1098.82 5.95
1087.49 48.00
1077.89 55.49
1061.76 49.73
1054.66 41.47
1094.59 66.82
1079.04 70.85
1060.80 77.95
1052.54 76.42
1049.09 92.54
1066.56 90.62
1070.02 96.00
1082.50 94.66
1085.76 108.10
1100.35 115.58
1101.70 103.49
1092.48 134.59
1108.42 133.82
1109.57 147.26
1101.31 157.25
1109.18 165.12
1096.13 188.35
1086.72 193.92
1084.99 186.82
1067.14 182.59
1067.14 198.14
1058.30 209.66
1065.41 222.14
1017.41 260.54
1027.39 254.21
1032.96 230.21
1037.57 216.77
1049.09 255.55
1072.13 257.66
1086.14 255.17
1103.23 228.10
1101.12 213.12
1091.71 222.72
1081.15 233.47
1064.06 235.97
1059.07 232.51
1111.30 251.71
1152.38 175.49
1124.54 172.99
1080.00 162.24
1061.76 161.47
1084.99 151.30
1060.80 140.93
1039.10 145.92
1027.58 142.66
1036.22 132.67
1022.02 128.45
1003.78 105.60
1012.03 97.54
1019.90 107.71
1035.84 93.50
1043.71 112.70
1059.46 119.23
1030.46 70.85
1012.99 65.09
1005.89 46.46
999.94 65.86
990.53 66.43
978.24 85.06
947.90 76.80
939.07 70.85
947.52 56.45
1037.95 39.74
1036.99 57.98
997.82 29.38
992.83 45.50
978.43 50.11
984.19 30.14
964.61 29.76
952.51 25.54
957.50 37.63
951.36 48.96
930.43 35.52
966.72 12.67
978.24 7.10
904.70 78.91
915.84 82.56
891.65 84.67
889.54 94.27
876.67 103.49
867.84 112.70
866.69 120.19
888.38 146.69
893.38 134.21
901.63 122.11
914.11 109.25
925.82 117.12
927.55 125.95
915.07 133.06
909.12 144.38
936.19 140.93
939.65 115.20
978.24 121.34
967.49 148.03
854.98 138.05
843.46 130.56
827.90 136.32
813.31 135.94
811.20 146.88
810.82 158.78
787.58 145.92
794.30 141.89
793.73 133.82
753.41 157.63
761.66 142.27
768.00 132.10
732.48 142.27
738.82 150.91
717.89 139.39
705.98 136.90
685.82 138.05
697.54 126.34
807.55 119.62
820.80 104.64
840.38 59.71
858.05 47.62
858.05 33.02
871.68 48.38
891.65 67.58
888.77 50.50
891.26 35.52
893.76 21.31
865.92 2.30
837.89 2.69
835.97 16.32
806.40 18.43
779.33 27.65
820.80 34.37
788.74 56.83
803.71 68.93
797.57 88.13
785.86 86.02
782.98 109.25
774.34 120.96
758.78 106.37
750.14 89.66
734.21 95.42
740.54 75.84
730.56 67.97
763.01 83.52
755.90 48.38
749.57 33.79
743.04 19.39
738.82 13.06
741.31 8.45
720.58 28.42
713.47 38.78
708.10 53.76
720.58 60.86
703.49 63.36
698.30 77.95
689.66 85.44
710.02 101.76
700.99 100.03
677.18 110.02
667.97 122.30
652.61 91.39
639.36 88.90
645.89 60.86
667.20 70.46
611.71 73.54
606.72 59.71
601.34 40.51
591.36 34.18
612.10 175.87
597.70 171.26
588.48 174.34
584.26 150.91
578.11 150.53
556.42 141.89
564.29 149.18
572.16 131.71
553.34 115.97
541.44 122.11
540.10 107.71
551.81 19.78
536.26 12.29
533.76 154.37
534.72 166.85
342.34 206.40
503.04 68.93
484.22 70.08
485.95 80.06
465.22 59.71
470.59 48.77
502.66 47.62
501.70 91.39
508.42 80.64
483.46 108.10
470.98 112.13
488.83 130.94
491.33 144.77
502.66 136.32
502.66 123.84
519.74 125.57
518.40 151.68
489.41 168.00
423.17 103.87
406.08 103.49
406.85 117.31
385.92 96.77
378.43 97.15
364.22 104.64
353.86 100.99
323.14 192.58
332.93 176.45
335.04 166.27
346.37 153.79
363.26 156.86
372.86 159.74
380.35 152.26
401.66 145.92
413.38 147.26
314.69 156.29
306.62 163.78
227.90 144.38
222.53 171.46
158.78 150.14
122.69 145.92
96.38 135.94
26.69 140.54
75.07 189.70
64.70 180.48
117.50 187.58
162.62 208.51
179.33 186.82
169.15 167.62
136.70 181.82
135.55 328.90
45.12 380.54
