1192.51 82.94
1182.14 77.95
1176.00 86.02
1170.62 91.01
1168.13 108.48
1154.11 111.94
1128.96 112.90
1110.53 108.86
1096.51 105.98
1089.02 99.46
1080.58 91.97
1060.03 96.38
1064.06 79.87
1065.41 57.98
1079.42 53.38
1089.02 40.90
1112.45 64.90
1119.55 63.94
1099.01 82.94
1137.60 59.33
1155.07 54.34
1177.54 126.53
1175.62 120.96
1188.48 118.46
1198.66 109.44
1207.49 124.03
1209.02 145.92
1189.06 146.50
1141.63 148.99
1117.82 152.45
1128.19 142.66
1107.46 136.32
1101.70 127.10
1122.82 122.69
1075.20 118.46
1039.87 117.70
1029.31 116.16
1023.94 136.32
1022.02 151.87
1040.83 137.47
1057.92 147.26
1052.35 160.51
1037.18 163.01
1045.06 170.69
1070.78 165.31
1083.84 159.55
1097.28 164.35
1111.10 152.26
1120.70 22.08
1133.76 33.98
1143.94 36.48
1151.62 32.64
1156.61 20.16
1103.62 1.15
1035.07 13.06
1051.39 22.66
1072.32 11.33
1006.85 21.31
1015.30 5.18
1027.20 21.70
992.45 9.41
976.70 12.10
984.77 5.57
961.34 8.64
954.82 21.89
937.34 28.61
925.63 35.33
925.63 53.38
944.45 48.19
956.54 48.77
965.95 44.54
980.74 40.90
985.73 50.69
986.69 45.70
994.75 57.22
976.90 58.75
972.29 71.62
980.35 79.49
989.76 71.62
956.54 83.52
951.17 81.60
936.77 63.94
986.69 100.03
996.67 86.59
1009.15 81.22
1006.85 63.55
1012.61 120.00
1006.66 125.38
995.52 117.12
984.96 123.07
968.83 138.43
965.95 120.38
955.58 116.54
974.98 109.06
954.43 100.42
950.02 97.34
937.34 101.38
915.46 89.47
926.40 83.14
906.62 81.98
896.83 76.99
906.24 67.20
914.30 70.66
912.96 57.79
894.14 55.10
890.50 62.40
907.78 45.70
906.82 35.71
924.67 21.31
907.97 18.24
895.10 11.71
904.90 1.92
845.38 30.91
891.26 28.99
888.77 40.90
876.86 39.74
873.79 55.10
862.66 51.65
848.26 45.50
835.97 46.46
826.94 34.75
841.34 12.86
836.74 7.68
824.83 10.18
816.19 10.56
817.15 48.77
827.52 62.78
843.84 61.44
809.47 37.82
799.10 32.06
790.46 38.98
785.66 9.22
773.95 15.55
765.31 22.08
749.76 22.27
739.78 22.27
724.42 16.51
794.50 55.49
798.72 67.78
816.96 71.23
826.18 73.34
785.28 82.56
798.34 82.56
817.15 85.63
759.55 91.97
749.18 78.53
759.17 71.42
748.80 60.67
752.26 45.31
770.88 59.71
723.65 32.83
724.99 43.39
703.49 55.30
716.74 53.18
692.74 56.83
707.71 75.65
714.62 84.10
724.80 72.58
735.36 74.11
662.78 50.69
632.64 51.07
622.27 49.54
611.52 52.22
628.22 36.67
651.07 42.43
680.45 45.12
687.36 36.29
694.85 23.62
711.55 22.66
702.72 10.37
681.98 14.78
672.19 29.76
656.83 21.89
651.65 22.08
645.31 23.04
610.18 29.76
621.89 15.55
643.01 10.18
651.07 10.18
610.18 10.56
595.01 21.12
580.22 25.73
579.65 14.98
597.12 7.68
578.30 6.72
548.16 9.60
551.81 5.95
541.44 9.22
492.10 32.64
492.29 20.93
504.58 13.82
485.38 2.88
463.68 12.29
456.00 24.38
479.81 46.08
497.28 42.43
582.34 31.87
594.62 32.83
593.28 50.69
578.88 50.88
565.25 54.53
590.59 68.54
585.60 59.71
592.70 61.25
609.41 66.62
623.23 61.82
630.72 67.97
619.97 76.03
628.80 87.94
613.82 97.73
592.90 105.41
602.50 100.42
589.63 98.50
571.58 72.38
579.46 74.11
570.24 81.41
589.44 84.67
578.88 115.39
576.19 99.65
619.58 108.67
628.99 110.21
606.53 127.49
579.46 129.98
637.63 140.54
634.56 135.94
635.33 124.61
644.54 125.18
652.22 125.76
653.76 119.23
639.55 101.76
640.70 95.62
639.55 84.67
650.50 64.32
654.72 72.58
664.90 67.01
673.92 72.38
678.72 74.50
691.97 76.22
657.98 79.49
654.72 105.41
665.86 110.21
675.84 122.69
670.27 133.44
656.06 139.20
646.08 159.94
650.50 172.42
663.17 160.90
672.19 144.58
684.67 146.30
694.85 143.42
687.55 129.02
685.25 157.06
682.94 167.04
672.00 167.81
662.78 196.80
652.42 196.61
681.41 187.39
669.50 214.85
688.51 230.59
701.95 229.63
714.24 233.66
718.08 221.18
718.66 208.32
729.98 208.90
746.50 220.22
749.18 203.14
752.06 190.46
747.07 172.61
737.47 190.46
737.47 203.52
724.80 187.01
731.33 174.14
731.52 160.32
741.12 146.50
739.58 138.43
710.21 144.96
710.98 135.36
710.21 120.38
719.04 124.80
724.22 138.43
713.28 158.98
716.93 174.14
709.25 181.63
707.33 195.07
696.38 194.50
691.01 202.75
689.47 214.27
669.12 182.78
667.78 188.74
682.18 111.74
696.58 108.48
687.17 99.26
685.44 86.02
711.94 96.96
773.57 95.42
761.28 114.05
759.94 120.19
748.42 102.14
732.29 109.06
745.73 114.05
776.26 122.11
758.98 128.45
757.82 136.90
769.92 134.59
773.76 141.12
757.25 150.91
761.47 157.82
778.37 156.29
788.35 145.15
772.99 170.69
764.54 190.08
764.93 181.06
781.63 193.92
768.00 212.93
778.18 217.54
789.31 207.17
795.46 198.53
792.38 194.69
806.40 183.36
804.29 167.23
808.90 211.58
805.44 230.21
796.42 215.42
825.02 190.46
817.92 176.45
820.80 167.23
836.54 167.23
798.34 158.98
815.23 154.56
825.79 135.94
809.66 131.14
812.35 114.62
827.52 99.65
851.52 87.94
864.00 88.70
869.95 70.85
889.34 86.59
888.96 104.06
874.94 94.66
873.79 110.21
863.23 112.90
849.41 110.02
839.42 103.30
841.34 123.65
852.10 134.21
845.57 141.50
847.49 159.36
856.90 160.51
859.20 177.41
846.72 179.71
846.53 187.01
847.87 201.79
847.68 210.82
845.18 225.22
856.13 219.65
859.39 228.67
871.10 211.78
864.00 215.23
861.12 206.78
875.90 229.82
917.18 200.26
899.90 207.74
896.06 214.27
894.34 229.63
907.01 229.82
916.80 213.12
910.85 212.54
886.46 202.18
873.02 196.42
873.22 189.50
862.66 189.50
872.64 175.68
892.61 189.70
916.61 176.06
911.81 168.38
920.83 165.89
907.97 158.59
899.14 161.47
902.78 105.41
912.77 103.68
925.63 105.60
927.74 117.70
915.26 113.86
903.17 116.35
899.14 126.72
881.66 129.22
868.22 130.75
859.58 130.56
866.30 140.16
873.60 149.57
873.79 157.82
883.97 151.87
883.39 144.19
912.38 146.50
925.25 142.27
935.81 232.90
951.74 228.10
960.96 227.14
968.06 212.54
964.42 205.44
983.62 198.72
954.05 218.11
942.34 204.67
927.55 207.36
933.31 196.42
951.94 134.40
939.65 139.58
940.99 149.76
929.28 154.37
941.57 174.72
935.62 180.10
919.49 185.66
946.37 159.55
962.69 146.88
971.90 153.60
967.30 160.51
976.32 172.99
957.12 189.70
967.49 192.38
977.47 187.78
996.29 188.74
1011.65 197.76
994.94 210.82
985.54 217.54
1011.26 213.50
1003.39 223.68
1013.38 222.14
1027.58 219.65
1024.70 203.71
1029.31 184.90
1024.90 172.22
1008.77 167.23
988.22 172.22
984.96 133.82
1021.25 96.00
1046.21 67.01
1039.87 73.34
1033.15 85.63
1008.58 101.18
1093.25 63.55
1204.80 167.04
1208.45 181.25
1191.94 169.92
1212.67 193.92
1198.27 205.44
1202.69 204.48
1206.91 217.92
1213.63 237.70
1205.95 251.71
1209.98 278.21
1218.82 271.10
1220.74 283.58
1202.69 267.46
1198.46 287.62
1186.37 293.18
1191.74 302.78
1209.79 300.10
1206.53 305.66
1221.31 308.54
1221.31 318.14
1214.59 336.96
1222.66 343.30
1208.06 353.28
1204.80 369.22
1214.40 376.51
1189.25 373.82
1191.74 368.83
1161.60 369.41
1173.70 361.15
1176.96 347.52
1196.35 346.94
1188.29 335.23
1158.34 342.34
1152.00 354.43
1138.75 362.88
1147.97 366.72
1189.25 322.37
1193.47 316.22
1179.26 313.54
1174.66 301.82
1162.37 317.57
1162.56 305.86
1165.63 296.83
1168.70 290.11
1177.54 292.61
1181.18 277.82
1174.85 269.18
1169.47 281.86
1178.50 250.56
1168.70 256.32
1154.30 234.24
1153.15 222.72
1134.91 238.08
1136.06 206.21
1147.01 186.62
1152.58 207.55
1166.98 196.61
1171.39 211.58
1179.65 202.94
1143.17 176.83
1129.15 179.52
1115.14 192.77
1122.62 175.68
1084.61 209.86
1076.93 209.09
1062.72 207.55
1043.71 215.62
1027.01 233.28
1038.34 239.04
1021.82 246.72
1008.77 240.38
997.63 237.89
1017.22 254.40
989.76 249.79
979.39 260.74
970.94 248.26
957.89 257.66
981.70 236.93
942.72 239.62
933.50 248.64
978.43 289.92
970.75 279.36
987.07 296.26
990.53 310.66
988.99 336.00
975.94 342.72
992.26 343.87
956.93 312.77
961.92 269.18
949.82 268.80
943.68 283.01
949.82 289.54
960.96 291.07
955.58 298.94
967.68 304.70
976.90 317.57
963.46 316.42
971.71 333.12
966.14 336.96
950.78 327.17
940.80 324.29
929.86 337.73
917.57 343.30
905.09 340.80
884.54 339.07
866.69 329.47
842.69 338.50
826.94 346.75
847.49 327.36
852.67 315.07
852.29 306.62
862.08 307.97
868.03 301.82
871.87 311.23
882.43 301.82
881.66 310.27
894.14 307.20
900.67 298.37
911.42 299.14
910.66 311.23
912.96 319.68
926.78 317.18
923.14 309.12
915.65 287.23
921.41 271.10
911.23 273.79
898.75 282.43
867.84 237.31
847.30 231.74
847.49 238.08
856.32 250.37
864.38 261.70
845.95 266.50
851.14 275.71
853.63 292.61
872.83 285.70
878.21 274.56
895.10 277.06
890.30 278.40
907.01 268.03
894.53 264.38
905.28 258.05
914.11 247.87
919.30 237.31
900.86 245.95
890.50 241.54
880.13 244.61
888.77 253.44
808.51 307.01
799.49 260.16
795.26 263.23
797.95 273.98
808.70 286.85
801.02 300.10
815.04 296.83
836.35 306.62
822.14 315.46
806.21 319.10
795.46 326.98
777.22 325.25
766.85 331.78
759.36 322.75
769.15 309.70
782.02 306.43
761.47 265.92
745.54 254.40
784.32 236.93
802.75 236.93
774.91 228.67
757.25 232.51
744.77 232.70
734.02 242.69
716.93 249.60
706.37 246.91
688.32 253.06
682.56 245.95
659.71 237.70
646.08 243.26
674.69 219.07
621.50 260.16
640.51 263.81
636.86 278.40
619.58 279.36
662.40 254.40
652.42 271.30
662.40 273.98
675.46 282.24
666.82 287.81
673.15 262.27
690.62 276.86
698.30 266.69
706.94 278.59
710.21 268.42
723.07 268.61
727.30 281.09
731.14 295.87
741.89 266.88
763.58 285.50
775.68 264.96
771.65 274.56
774.34 289.34
748.61 316.22
744.19 306.24
727.10 307.97
715.97 307.58
702.72 291.46
695.42 298.56
662.02 302.78
648.00 301.06
628.99 298.94
617.47 295.68
620.93 312.77
636.29 335.42
638.21 347.52
657.02 354.24
657.02 341.38
673.15 338.69
655.30 330.43
672.19 321.79
684.10 329.86
682.18 319.30
708.86 332.54
721.34 335.23
725.76 343.49
732.29 347.90
744.19 342.34
747.65 335.04
733.82 324.10
721.54 320.83
709.06 319.68
700.22 318.72
759.17 358.85
746.11 354.82
709.25 349.06
695.62 346.75
703.49 358.85
712.32 370.94
717.89 366.53
731.33 369.41
695.81 376.32
681.79 374.21
659.52 371.52
664.70 362.50
640.90 369.41
653.76 363.07
467.71 285.50
392.64 202.94
388.03 254.40
483.07 274.94
461.76 271.30
451.78 271.87
491.14 295.68
468.48 295.30
449.28 293.95
416.45 302.02
389.38 331.20
380.16 335.81
409.54 354.24
433.15 348.67
431.42 383.81
441.60 379.39
427.58 369.60
272.45 266.11
285.12 240.19
292.42 221.76
488.64 347.33
473.28 352.13
478.66 357.31
498.05 328.51
472.32 314.11
465.98 323.14
485.18 313.15
502.27 308.16
512.83 310.27
401.09 309.89
382.27 321.02
323.71 395.71
320.64 421.25
305.66 436.22
276.29 383.42
405.31 421.25
396.67 412.42
392.83 399.55
396.67 394.94
381.31 402.62
381.70 389.18
386.88 380.35
421.82 392.64
455.23 405.12
447.94 403.78
443.33 409.73
412.99 411.46
389.38 427.78
388.99 420.86
404.93 382.46
398.40 372.67
419.71 373.44
431.42 412.80
431.42 404.16
403.97 438.53
416.45 418.37
431.42 432.77
419.90 447.36
440.64 442.18
451.39 440.06
543.74 299.52
548.93 291.46
596.54 306.05
602.30 314.50
611.52 325.25
624.38 388.80
486.91 383.81
474.82 384.19
384.38 445.25
256.51 456.77
119.81 447.74
131.90 399.55
264.19 537.98
251.52 490.56
262.27 474.43
294.53 600.00
298.56 590.59
300.10 569.66
305.28 553.34
378.43 563.33
435.26 453.89
384.38 471.36
371.52 478.08
375.36 490.56
378.05 507.65
374.21 522.24
385.73 500.74
397.25 488.06
401.86 478.08
414.72 474.24
399.36 464.45
402.82 451.78
425.86 466.56
440.26 468.29
451.01 461.57
454.85 475.20
444.10 483.65
425.28 482.50
418.94 494.78
409.92 504.19
408.77 491.33
430.08 500.93
442.37 507.65
421.44 510.72
421.82 517.44
407.42 523.39
417.22 530.69
404.93 536.83
395.90 554.30
379.20 582.53
441.60 544.32
429.70 537.98
437.38 531.07
456.58 530.69
473.28 524.35
471.94 517.06
462.53 508.99
457.34 496.51
453.50 510.34
453.89 503.81
488.06 499.58
497.66 499.01
508.99 517.44
507.26 512.26
514.75 523.97
521.09 528.19
469.82 542.78
486.53 539.71
445.06 556.03
433.92 562.75
419.33 567.94
403.97 572.74
370.75 597.50
367.68 600.00
459.07 610.56
450.62 614.98
431.81 614.59
424.90 627.84
409.92 635.33
416.45 623.42
387.65 634.18
370.75 633.22
366.34 646.08
363.46 619.97
373.25 608.45
374.02 624.00
397.25 623.04
417.60 604.22
409.54 611.14
406.66 595.58
398.02 588.48
436.03 581.18
486.53 558.14
451.78 571.01
465.41 565.82
493.63 575.23
501.50 570.05
518.02 572.74
527.42 578.11
521.09 594.82
486.53 599.04
488.64 590.98
497.66 590.59
509.18 597.50
501.31 611.52
503.04 623.42
484.80 622.08
490.18 609.79
474.05 608.45
465.98 627.84
451.78 628.22
436.99 641.47
415.10 640.90
402.62 649.15
397.63 653.76
404.74 664.13
398.40 669.70
383.04 680.64
356.93 684.48
366.72 682.37
365.57 705.02
377.86 705.98
406.66 701.57
430.08 705.60
444.10 686.78
446.21 698.69
439.10 713.28
453.50 709.82
425.28 717.12
464.64 700.42
459.46 684.10
469.25 672.58
473.09 693.50
480.58 696.58
486.34 679.87
542.40 570.43
536.06 563.33
555.26 557.57
554.88 544.51
544.90 541.06
552.58 527.81
532.61 525.12
544.51 525.12
544.13 586.75
539.33 598.66
526.08 608.45
520.51 617.09
532.61 603.07
522.82 601.34
526.66 594.82
441.98 668.74
429.12 657.60
447.55 651.65
462.91 658.18
462.91 645.31
483.46 652.42
480.38 641.09
494.21 640.51
491.14 632.83
524.54 635.52
533.38 638.78
537.79 627.65
549.70 624.77
564.67 627.26
550.85 643.58
561.22 650.88
551.81 671.23
550.46 664.90
561.60 671.42
567.55 672.58
564.10 659.90
578.69 667.39
583.10 650.88
592.32 655.87
597.89 661.44
603.46 669.12
612.48 649.92
507.26 490.18
491.52 479.81
480.00 471.36
484.80 457.15
494.02 466.18
515.14 470.59
518.59 494.40
535.10 506.30
543.17 493.63
539.33 478.08
563.71 486.72
577.54 496.13
558.72 511.49
546.62 513.22
573.70 535.87
571.39 523.97
576.19 510.72
567.17 552.96
565.44 544.32
581.18 552.00
597.12 548.35
588.86 535.87
590.78 517.44
587.33 504.58
607.30 509.76
607.87 499.97
621.50 504.58
620.93 520.13
613.82 541.82
623.04 548.74
626.11 557.18
618.05 576.00
609.41 580.80
604.42 573.50
595.78 576.38
585.60 574.27
574.46 574.85
562.94 573.89
560.45 591.94
572.74 581.95
568.90 594.05
573.70 599.04
582.14 606.91
586.75 614.02
585.60 629.57
592.90 641.09
599.23 626.50
605.95 617.47
612.10 627.65
615.94 635.90
624.38 619.58
632.64 624.77
638.98 633.41
645.70 643.97
632.64 657.98
620.93 662.02
620.16 675.65
631.30 670.46
645.31 657.98
659.52 657.98
658.94 647.04
670.46 638.02
661.06 619.97
665.86 610.75
647.42 605.95
639.36 603.07
646.27 580.22
633.02 576.00
618.43 593.09
601.34 596.16
590.59 600.00
586.94 592.32
645.89 552.00
642.43 559.30
660.67 560.26
667.97 546.62
655.10 540.67
631.30 530.30
635.14 538.94
643.58 525.12
642.43 510.72
632.45 495.17
617.09 482.11
604.03 475.20
618.05 463.30
630.34 462.72
624.38 446.02
633.79 446.59
643.97 456.77
652.61 459.46
655.10 466.56
644.93 471.74
656.45 481.15
635.14 479.42
675.26 506.50
662.40 520.90
676.03 537.98
679.10 555.84
695.81 543.17
694.85 534.91
703.87 523.01
701.38 515.33
689.28 514.94
680.83 476.93
694.85 487.68
707.33 486.72
688.13 500.35
712.90 480.38
685.63 466.75
679.49 462.34
670.08 459.84
662.78 446.98
676.99 436.22
679.87 425.66
683.71 422.21
673.15 411.07
660.67 414.91
643.58 414.53
651.84 406.27
658.94 398.59
674.88 393.60
681.22 403.39
681.60 398.21
640.32 383.42
643.20 391.49
636.86 402.43
624.77 418.75
657.22 385.54
694.85 397.06
708.10 390.91
709.44 382.08
723.07 382.46
733.44 393.60
742.66 395.71
750.53 406.85
716.16 403.39
702.53 405.12
714.05 413.57
703.10 417.98
706.37 436.80
691.97 440.06
712.90 453.31
723.07 432.38
716.35 541.06
720.19 534.53
723.65 502.08
723.46 485.76
738.82 501.31
737.66 484.61
750.34 487.49
753.41 498.24
745.73 513.98
679.49 525.70
671.04 593.09
659.52 596.54
675.26 581.57
685.63 568.32
693.70 578.50
690.24 589.82
706.56 590.21
698.69 597.89
703.10 604.22
697.54 614.59
686.40 610.18
679.87 613.25
673.92 621.70
685.06 637.25
678.72 652.99
691.97 666.24
705.22 663.74
691.97 645.31
703.87 641.09
699.65 633.79
706.56 622.27
723.65 635.90
726.14 646.46
721.73 658.56
724.80 667.97
732.10 667.97
742.85 649.15
761.66 656.45
761.47 670.46
776.83 664.51
780.67 670.85
785.86 651.26
773.95 648.58
781.25 634.94
764.54 627.84
759.74 639.36
750.34 629.57
739.78 615.74
745.34 622.08
732.86 624.00
731.71 609.41
737.28 599.04
750.91 597.89
756.10 585.98
764.16 607.30
768.38 595.78
787.58 591.74
776.06 612.86
787.58 611.14
785.86 626.88
800.45 601.15
803.52 613.63
808.90 603.84
795.84 669.31
804.29 677.38
823.87 678.91
821.76 669.70
813.70 661.82
799.10 654.34
814.85 645.70
787.58 341.38
782.59 353.86
788.54 362.88
801.22 355.97
807.74 359.42
823.49 376.90
837.70 368.83
840.96 354.62
850.37 360.19
849.60 352.13
806.02 393.02
805.63 378.62
794.11 375.94
785.86 388.80
779.14 380.35
758.21 376.51
767.62 392.64
758.98 393.98
774.34 407.23
762.43 418.75
753.79 432.96
769.34 443.90
751.30 457.34
755.52 473.86
769.73 479.42
782.02 481.54
792.00 474.24
782.59 459.84
797.38 455.04
772.99 425.66
791.42 490.94
777.02 504.77
769.15 514.56
768.38 505.15
785.86 520.90
762.05 534.53
784.70 541.06
755.90 559.49
736.90 558.53
717.12 565.44
747.46 577.73
733.44 570.05
764.93 576.58
793.15 552.96
793.54 566.98
806.40 567.94
796.99 578.69
784.13 579.46
804.29 635.90
815.04 633.22
829.06 639.74
847.49 643.20
835.78 627.84
841.34 615.36
835.78 608.45
822.72 614.98
835.39 601.15
829.06 601.73
831.94 590.98
826.18 579.84
841.34 580.42
854.59 587.14
850.94 572.16
837.70 568.32
850.94 557.76
828.10 555.84
824.45 547.78
806.78 553.92
818.30 543.17
828.10 533.76
852.48 542.21
862.27 548.35
866.11 553.92
862.85 568.32
871.30 571.01
875.52 581.57
866.30 601.34
876.48 604.99
863.62 616.70
868.42 621.70
856.32 610.56
848.64 600.38
776.83 531.07
802.56 406.27
794.11 406.85
785.86 416.26
803.33 424.32
817.15 413.18
829.06 394.37
816.19 397.44
831.17 386.69
841.92 394.94
850.94 383.42
852.86 388.03
841.54 387.26
852.48 402.43
867.07 403.78
865.34 377.66
879.94 373.82
879.55 363.26
867.07 364.03
865.34 351.74
882.05 349.06
887.62 359.04
894.53 364.61
904.32 358.46
892.80 373.82
914.50 360.77
917.57 368.83
915.46 379.39
904.70 374.02
923.14 372.67
932.93 368.26
900.29 393.60
906.82 402.05
894.91 402.05
892.22 410.30
871.87 416.26
861.12 419.14
861.50 432.00
855.55 445.63
835.78 438.53
827.71 433.34
828.29 451.20
816.19 461.95
818.69 475.58
824.26 486.72
803.52 489.79
811.20 489.79
810.62 502.08
821.38 504.19
833.28 498.62
841.54 496.51
851.71 488.45
838.08 482.88
828.67 472.70
857.66 468.29
886.27 458.88
871.87 445.63
870.53 433.34
885.12 430.27
888.38 439.68
897.41 423.55
902.98 428.54
904.32 436.22
926.21 388.03
948.67 358.46
936.38 353.86
958.27 348.29
961.15 358.08
958.27 367.10
975.74 369.98
982.08 362.88
1003.78 367.10
998.78 377.86
979.01 388.03
972.29 381.12
954.82 377.66
946.75 384.19
940.22 386.69
937.34 396.48
939.84 403.01
925.82 404.35
917.95 403.39
932.54 413.76
920.06 417.60
910.85 419.71
926.21 433.34
913.34 441.41
906.43 453.50
897.02 456.77
872.26 487.49
864.19 495.36
868.99 504.77
878.78 470.40
888.58 481.92
884.74 490.18
883.01 503.81
879.94 516.29
898.37 515.71
910.66 515.71
900.10 506.50
916.42 502.85
900.86 493.06
906.43 483.65
913.73 492.67
921.02 485.76
930.05 490.56
938.50 440.26
926.98 446.02
937.15 423.94
948.67 416.64
958.66 408.19
954.24 398.78
957.70 391.49
969.79 397.06
982.46 405.12
994.94 392.64
999.94 396.67
995.71 406.46
1012.80 406.85
1017.02 400.32
1018.37 383.81
1033.73 413.18
1033.73 399.94
1046.98 400.32
1017.98 417.02
1030.85 425.09
1026.43 436.22
1012.03 437.95
1016.26 444.10
1014.53 453.31
1031.62 443.52
1043.52 429.50
1054.66 419.52
1063.30 429.89
1062.91 420.48
1070.02 407.23
1074.05 400.32
954.24 445.63
947.90 453.31
973.63 413.18
968.83 422.98
962.88 428.54
947.52 432.96
972.29 442.37
965.95 455.62
957.31 456.38
949.25 468.86
942.91 451.58
932.93 459.46
920.06 469.63
918.53 459.26
910.27 464.45
931.78 499.97
925.63 516.67
899.14 533.76
884.35 537.98
896.64 551.23
880.32 563.33
880.90 552.00
894.91 569.09
916.42 576.96
909.50 586.75
892.42 596.54
897.02 584.64
882.62 594.05
924.86 561.60
916.22 554.30
908.54 561.41
933.50 542.78
944.06 548.35
934.27 551.23
950.59 537.98
929.47 533.38
945.02 526.08
938.11 521.28
950.40 503.81
948.86 513.22
959.81 506.88
955.20 485.95
966.72 488.06
970.56 502.46
976.13 521.86
963.26 548.74
955.97 555.07
952.13 557.18
978.24 531.65
997.06 450.82
997.06 442.37
981.31 449.66
976.90 463.68
962.88 471.74
983.81 481.92
988.99 467.90
991.87 460.99
998.40 464.45
1003.39 463.68
999.55 480.00
1011.65 485.38
1001.66 497.09
986.69 496.13
984.19 506.88
998.40 522.24
999.94 510.14
999.55 536.83
1030.27 532.03
1006.85 540.10
1008.58 551.62
999.55 545.66
994.56 558.53
987.65 560.64
987.65 550.08
969.60 567.55
952.70 570.43
959.04 587.52
978.62 591.94
987.26 567.17
989.38 576.38
992.83 592.32
1008.58 576.00
1014.53 586.37
1027.01 585.98
1030.27 578.50
1043.71 576.96
1047.94 570.82
1065.41 570.43
1076.93 569.66
1056.77 583.68
1070.59 585.41
1077.70 580.80
1094.98 574.27
1101.70 564.48
1084.99 562.75
1097.86 557.18
1100.35 543.55
1089.22 543.55
1078.27 547.01
1070.02 539.33
1081.73 534.14
1080.77 526.85
1070.59 525.50
1072.13 520.51
1053.89 526.08
1055.23 536.64
1046.59 538.94
1038.91 520.13
1026.43 520.51
1016.64 523.39
1014.53 513.98
1019.71 505.54
1014.53 496.90
1029.89 494.78
1042.75 499.58
1038.14 507.26
1055.04 513.60
1065.02 507.26
1066.37 496.90
1080.77 509.38
1085.57 503.42
1097.47 504.19
1101.70 517.06
1088.06 490.56
1073.47 487.68
1058.88 484.99
1071.36 477.70
1056.96 467.90
1060.61 461.57
1070.59 470.40
1084.99 465.79
1017.02 474.82
1022.78 463.30
1023.17 469.25
1032.19 476.16
1026.43 481.54
1046.98 470.98
1038.14 463.68
1066.37 446.98
1050.82 449.66
1074.82 455.42
1085.38 453.89
1082.88 448.70
1087.68 479.42
1100.54 479.42
1114.94 472.70
1111.49 463.68
1087.68 421.44
1080.77 414.14
1087.68 402.05
1103.81 413.57
1114.94 427.01
1120.90 411.46
1122.62 421.44
1143.17 421.82
1157.57 412.80
1180.80 398.78
1177.73 427.39
1164.86 429.89
1150.85 434.50
1152.58 450.05
1137.98 444.48
1131.65 435.46
1113.79 445.63
1126.46 455.04
1138.94 459.46
1138.37 469.63
1127.42 472.13
1149.12 477.31
1140.48 484.99
1163.71 478.27
1161.60 452.93
1174.85 451.20
1174.66 443.14
1112.45 491.90
1103.81 490.18
1115.33 509.38
1118.40 502.08
1127.42 513.22
1285.82 658.56
1272.19 655.10
1270.08 621.31
1268.74 597.50
1267.97 576.96
1267.97 557.76
1159.30 546.62
1138.56 528.58
1127.81 535.87
1119.74 544.32
1148.74 555.07
1118.02 568.70
1137.22 567.17
1147.01 582.91
1149.50 568.32
1129.92 579.84
1029.50 596.16
1281.60 820.80
1275.26 793.15
1279.87 769.15
1270.46 747.07
1298.11 722.69
1270.85 703.49
1269.12 693.12
1158.53 591.36
1120.13 599.62
1121.47 590.21
1114.94 584.26
1103.42 588.48
1096.13 592.32
1079.04 608.83
1089.22 609.02
1083.26 618.82
1095.74 618.24
1110.34 615.36
1125.70 613.63
1115.71 607.30
1152.96 612.86
1143.17 605.95
1136.26 617.86
1149.12 618.43
1161.41 622.08
1171.39 615.36
1171.39 605.95
1185.41 625.92
1176.38 636.67
1174.66 652.61
1180.22 663.74
1170.82 678.14
1155.46 673.92
1158.14 667.01
1185.02 674.69
1141.82 643.20
1149.89 652.61
1129.15 653.76
1140.48 663.74
1108.03 642.82
1108.03 659.33
1084.99 655.49
1088.83 646.08
1073.86 648.19
1073.09 639.17
1086.34 634.94
1087.10 626.11
1102.08 637.25
1105.92 628.22
1119.74 622.27
1124.35 631.68
1125.12 637.63
1055.23 652.61
1051.20 639.74
1041.41 633.79
1069.25 628.99
1063.68 614.40
1068.29 603.84
1044.48 602.88
1030.27 608.06
1018.37 607.68
1013.76 605.95
1001.66 602.11
996.10 611.52
1015.10 618.24
1023.94 623.42
1034.11 626.50
1037.95 635.90
1023.17 637.06
1010.30 632.45
999.94 635.33
991.49 640.13
991.87 655.10
1002.62 655.49
1012.03 645.70
1016.64 654.14
1021.06 667.39
1044.48 661.44
1080.77 665.28
1095.74 668.35
1100.35 669.12
1113.22 674.30
1103.04 674.30
1127.42 678.53
1120.51 682.56
1150.08 681.98
1137.60 694.46
1147.78 694.85
1161.41 696.58
1165.44 709.82
1152.58 706.37
1143.55 707.14
1128.19 709.44
1126.46 713.66
1113.79 707.14
1094.78 700.03
1075.58 697.92
1110.14 689.66
1122.62 696.19
1083.46 689.66
1059.46 690.62
1050.05 699.65
1037.18 702.91
1024.90 711.17
1019.71 714.43
1035.46 721.73
1027.39 731.90
1043.52 737.47
1055.04 724.42
1064.06 734.21
1078.27 734.21
1070.21 716.74
1083.84 722.69
1094.02 720.58
1101.70 725.57
1105.54 722.69
1119.17 729.79
1128.58 730.75
1152.58 726.91
1132.80 747.84
1130.69 736.70
1022.21 677.38
1011.07 687.94
1024.32 699.07
1035.84 690.24
1043.52 678.53
1033.34 685.44
1049.66 684.10
1059.84 674.30
1147.97 751.68
1171.01 753.79
1171.01 735.94
1183.30 741.31
1152.58 770.88
1157.18 774.72
1149.12 782.78
1143.17 779.52
1126.85 787.58
1120.51 799.10
1117.06 777.41
1128.58 767.04
1112.45 767.81
1099.20 762.43
1089.22 757.63
1075.20 765.70
1072.70 755.14
1074.05 747.46
1049.09 754.56
1040.26 767.04
1024.70 766.27
1056.38 765.89
1041.41 782.02
1062.53 780.67
1082.11 780.67
1091.52 788.93
1098.62 779.52
1103.81 788.93
1134.53 804.29
1147.01 811.39
1160.26 798.14
1168.32 814.85
1173.12 824.26
1159.87 813.12
1171.01 787.20
1081.54 802.18
1067.90 801.22
1059.84 794.30
1051.39 803.33
1067.90 816.58
1084.99 823.49
1089.79 811.58
1104.19 819.26
1101.70 828.48
1121.47 821.38
1116.29 840.58
1128.58 839.62
1140.48 846.91
1144.90 849.02
1155.07 836.74
1160.26 848.64
1170.05 839.23
1172.54 835.78
948.67 593.28
931.78 581.57
925.82 589.82
918.91 602.69
907.01 609.22
910.66 594.43
950.59 604.99
943.10 617.66
948.86 616.32
959.62 617.09
963.07 604.42
979.01 606.34
974.59 620.93
967.30 632.83
955.78 651.07
953.66 633.41
945.41 641.66
935.81 643.97
922.18 644.74
926.98 633.98
886.85 625.15
887.42 612.29
897.98 622.27
913.34 624.77
911.04 643.58
897.02 642.82
882.82 642.82
909.50 635.90
940.99 658.37
925.82 652.22
911.04 655.87
897.60 664.13
920.64 664.51
928.70 676.61
915.07 675.84
905.86 676.61
942.53 675.46
951.74 666.43
948.86 688.90
958.46 681.79
969.41 667.01
972.48 676.61
982.27 669.50
998.21 671.81
991.10 679.30
979.97 690.24
994.37 696.00
1012.61 730.56
926.98 687.17
914.50 688.70
1024.32 751.87
1033.15 748.99
1025.09 741.50
998.78 746.11
1008.38 754.94
1004.35 721.34
995.33 727.87
998.40 735.36
985.34 735.94
971.14 736.13
980.54 720.58
972.29 715.97
971.71 710.59
977.86 703.68
956.54 701.76
956.35 711.17
939.84 711.94
940.61 700.03
911.62 705.79
927.17 706.75
922.37 698.30
905.86 711.36
870.53 649.34
879.74 655.87
878.21 672.77
856.13 661.63
868.80 670.08
853.82 675.46
866.50 684.29
880.51 686.02
880.32 701.76
864.58 698.88
861.70 714.05
867.07 719.62
888.19 709.44
880.51 717.89
880.51 733.82
866.88 751.49
866.88 732.10
869.76 757.44
882.05 761.47
879.17 752.06
889.73 750.72
898.75 761.47
906.82 752.06
907.78 746.50
884.16 782.59
899.14 786.62
909.31 795.65
909.31 780.86
887.42 800.45
900.10 816.77
864.38 822.14
850.56 820.99
875.14 817.34
864.00 842.69
843.46 834.05
850.56 841.73
897.02 839.42
886.27 840.58
882.82 848.64
912.38 827.90
927.55 837.70
921.60 806.98
926.02 795.46
926.98 780.86
915.26 768.58
926.40 759.55
931.01 745.54
941.95 751.87
951.74 751.49
941.95 733.82
934.85 732.48
926.98 720.77
921.02 724.99
955.39 730.18
951.36 720.19
943.68 763.97
935.23 773.95
950.78 773.95
963.07 756.86
976.13 761.47
969.60 776.64
984.19 785.47
998.78 779.14
986.50 771.46
997.82 761.28
1014.91 767.81
1018.56 784.51
1028.35 790.85
1027.97 803.33
1013.76 814.46
1032.00 819.84
1041.98 809.09
1053.89 818.50
1065.41 836.35
1078.46 838.85
1091.52 845.95
1095.74 855.17
1106.88 858.82
1122.24 853.44
1122.62 866.30
1142.21 871.68
1118.78 883.58
1053.50 843.07
1041.60 843.84
1051.39 859.39
1058.69 868.03
1104.96 874.18
1086.34 868.80
1096.70 877.63
1084.22 879.94
1069.25 883.20
1060.80 876.48
1046.59 877.63
1035.84 883.20
1027.01 883.20
1033.34 875.14
1025.28 868.80
1033.34 861.31
1010.50 857.28
1006.85 869.76
1012.42 850.18
1035.07 828.86
986.50 872.83
995.33 868.99
967.30 853.44
975.55 868.22
956.35 877.25
958.66 885.31
971.71 880.70
982.08 854.02
990.34 847.10
981.31 830.78
965.18 831.17
972.67 841.34
993.22 832.32
995.33 821.18
994.75 806.59
1005.12 798.14
995.71 791.62
965.95 799.87
974.02 810.05
965.95 821.38
946.75 830.40
938.30 820.03
950.21 805.44
940.61 803.33
950.78 818.30
941.38 880.70
926.40 881.86
918.72 875.14
911.62 870.34
900.29 862.27
904.90 849.02
920.26 854.21
928.13 860.54
933.31 855.74
948.48 865.34
953.66 850.94
883.20 872.45
892.22 871.30
861.50 858.05
864.58 878.40
851.52 871.30
872.64 864.00
846.34 684.67
850.37 702.91
839.23 710.40
832.51 704.26
819.84 697.15
831.17 691.20
812.54 687.94
800.83 687.94
791.04 694.66
779.33 686.02
767.23 689.66
754.18 701.76
757.44 717.12
779.71 718.85
780.67 711.36
796.22 708.29
806.59 704.64
810.62 716.93
796.80 725.18
791.62 738.05
743.81 732.67
727.10 729.98
714.62 731.52
722.50 720.77
733.06 710.40
738.24 697.92
734.40 688.32
746.30 687.36
757.06 684.48
744.77 676.42
716.74 682.75
699.46 690.62
682.75 691.20
675.07 678.72
647.62 673.34
654.14 701.57
649.34 691.39
636.67 696.58
665.47 704.64
665.28 712.70
717.31 748.61
720.38 756.48
712.13 764.54
692.93 759.36
738.43 772.42
737.66 779.52
733.25 779.52
718.85 780.67
719.62 789.31
714.62 800.26
725.95 806.98
733.82 791.81
717.31 813.89
728.64 820.42
742.27 816.96
756.86 822.72
715.39 697.73
702.72 713.28
686.21 734.78
673.73 733.44
687.74 722.30
644.74 731.33
640.70 714.43
618.43 709.06
620.93 700.61
619.97 687.55
633.60 688.90
602.88 688.32
593.28 678.53
596.54 700.80
606.91 700.03
603.65 710.98
589.82 720.38
588.10 727.68
601.54 728.45
612.48 724.61
606.14 736.70
599.81 754.18
582.34 763.78
587.52 746.11
608.83 753.60
621.12 750.91
617.66 740.93
625.92 732.67
637.25 751.87
649.73 748.61
632.06 764.54
614.40 768.77
607.49 772.80
615.94 775.68
626.30 778.75
641.09 782.02
640.90 774.72
647.81 781.63
663.36 767.81
672.77 775.10
689.28 782.78
681.02 767.04
664.13 802.56
663.74 813.31
663.74 824.45
676.61 834.82
687.17 822.34
678.34 819.65
692.35 837.50
705.02 833.47
715.78 837.70
709.82 846.53
697.54 849.60
681.79 844.22
676.42 855.74
678.14 868.42
661.25 864.00
649.34 856.90
663.36 885.31
679.68 880.70
706.37 887.42
732.29 881.09
723.26 881.09
738.43 868.22
718.27 865.15
719.04 856.32
619.97 855.36
638.21 865.15
632.26 859.39
626.69 868.99
616.51 837.50
552.96 747.07
552.58 733.06
570.82 733.06
574.66 745.92
567.94 753.02
531.07 738.05
506.30 745.54
501.31 751.87
480.38 752.26
473.86 749.38
481.73 741.89
465.60 732.67
472.32 723.84
460.03 721.73
441.22 725.38
431.04 726.91
408.19 740.35
412.03 753.79
428.35 736.70
446.40 748.61
447.17 764.74
435.26 776.45
423.36 785.09
464.64 760.32
469.44 764.54
460.99 776.83
466.18 787.01
476.74 776.45
509.38 772.80
502.08 786.43
515.14 784.90
520.32 760.51
536.26 771.46
534.14 783.17
549.31 787.78
559.30 796.80
542.78 801.02
546.62 808.51
560.64 809.28
548.16 822.72
571.78 817.73
596.16 805.44
601.73 793.73
589.63 793.15
603.84 785.47
583.87 769.34
564.29 764.74
609.60 799.10
629.76 808.51
614.98 819.65
650.88 797.38
650.11 805.82
652.61 816.19
647.04 829.63
640.32 836.74
646.66 837.70
621.50 845.18
597.31 849.41
604.42 840.77
589.06 844.42
577.15 854.78
566.78 855.55
572.54 836.74
582.14 830.98
571.97 825.22
552.00 836.35
558.91 826.56
545.09 848.26
528.58 847.87
515.52 849.41
526.46 835.97
537.79 834.62
531.46 822.72
501.89 829.44
504.38 818.11
514.75 827.14
492.48 829.63
491.71 806.40
505.15 805.63
516.29 798.14
462.72 830.40
471.94 822.14
456.00 814.46
448.51 825.02
423.94 853.44
416.64 842.11
414.14 855.74
431.23 823.30
426.82 830.21
443.71 813.70
421.82 812.93
431.81 867.46
416.26 886.85
432.00 906.24
415.68 903.17
416.26 912.19
399.36 937.34
403.01 922.37
407.23 912.19
421.44 921.79
417.98 917.18
440.45 922.75
427.58 940.42
422.21 929.28
451.58 908.54
466.37 893.57
469.82 878.40
511.49 861.31
499.01 863.81
495.74 845.18
484.80 845.38
475.97 841.15
460.03 847.49
451.58 850.18
459.07 861.31
480.38 859.39
473.47 860.16
458.88 870.91
450.05 875.52
441.60 885.50
434.11 892.99
544.51 863.04
543.74 877.06
528.00 884.35
564.29 892.22
556.22 893.76
570.82 885.50
557.18 875.71
564.10 867.46
555.46 869.95
542.02 895.10
544.90 911.62
532.99 920.06
514.56 920.83
521.09 917.38
498.82 917.38
511.49 896.26
515.14 891.46
524.74 904.13
534.14 899.71
476.74 909.12
479.42 896.26
467.52 904.90
449.86 931.58
408.38 957.31
396.86 962.88
392.64 980.74
409.92 991.87
395.14 993.02
398.40 1001.86
417.79 997.44
393.22 1011.26
391.10 1022.02
394.75 1033.15
399.17 1040.26
406.08 1039.87
403.20 1046.98
381.70 1047.55
368.83 1034.11
363.65 1061.57
366.14 1067.33
367.49 1075.78
373.06 1075.58
365.38 1085.95
366.72 1096.51
381.31 1088.64
394.75 1084.42
382.46 1067.71
384.96 1061.57
402.43 1069.82
404.54 1062.53
412.22 1068.86
415.49 1062.53
554.69 926.40
587.52 909.12
565.63 910.08
570.05 924.48
582.91 926.02
588.10 918.91
599.23 925.63
590.40 933.89
585.98 941.95
576.96 938.30
566.59 950.59
556.42 940.42
574.66 960.19
589.63 954.62
607.49 961.73
584.26 973.63
564.86 973.06
561.98 981.50
562.75 1002.82
572.54 1003.01
583.68 1001.09
597.70 991.10
572.54 1021.63
565.63 1038.34
583.68 1031.81
592.70 1045.25
601.34 1017.98
577.15 1049.66
566.78 1054.08
574.66 1065.22
580.03 1075.20
592.13 1069.06
565.82 1078.66
557.18 1081.92
544.51 1095.17
540.67 1083.84
550.46 1076.35
504.38 1097.28
284.93 1122.05
324.86 1135.30
378.24 1110.14
361.92 1112.64
363.07 1127.23
391.10 1144.90
384.96 1121.28
399.55 1132.22
394.18 1108.99
400.13 1111.30
414.34 1104.19
407.42 1117.44
391.30 1094.21
413.18 1096.32
413.38 1072.90
425.09 1087.49
426.24 1097.47
426.62 1113.79
426.62 1133.76
439.30 1121.09
440.45 1139.52
447.55 1131.65
450.82 1119.74
444.67 1107.07
447.55 1088.83
460.42 1105.92
467.90 1116.10
471.17 1123.20
465.60 1145.47
487.10 1140.29
484.61 1130.88
483.26 1120.90
499.58 1141.63
513.60 1135.68
496.13 1118.98
495.94 1108.99
488.06 1103.04
512.06 1106.30
518.21 1111.87
531.84 1130.88
529.34 1145.66
542.21 1128.58
550.27 1123.20
537.79 1125.31
547.78 1112.26
557.57 1110.53
563.52 1117.25
574.66 1125.50
583.49 1126.27
589.82 1120.13
605.18 1104.77
609.79 1091.52
611.14 1078.66
602.88 1078.85
594.82 1093.63
575.42 1105.54
626.11 1140.29
620.16 1117.82
640.32 1119.55
655.30 1126.46
662.98 1109.38
647.62 1109.38
631.49 1104.58
643.01 1092.86
670.46 1093.44
673.54 1077.12
687.55 1094.78
661.25 1074.82
654.91 1051.78
637.25 1064.26
631.49 1048.32
630.53 1030.85
619.97 1027.97
611.33 1007.42
625.54 1004.74
616.90 988.42
614.78 974.98
619.39 930.05
595.78 869.57
585.41 877.25
580.99 889.54
595.39 892.03
595.58 883.58
603.26 884.93
617.66 892.80
652.99 876.86
656.45 865.92
645.50 879.74
636.67 894.34
649.34 891.65
651.46 909.70
634.75 906.82
625.54 906.24
680.26 893.95
663.36 896.83
695.42 897.79
693.70 914.11
684.29 917.18
676.03 922.37
733.63 906.82
642.43 929.09
631.30 948.67
640.13 967.30
648.38 957.89
653.38 945.60
620.16 955.78
613.44 938.11
646.66 1052.54
657.02 1008.58
644.93 994.37
639.55 1012.99
637.06 987.07
661.06 984.00
657.41 969.41
673.73 945.22
678.72 964.03
680.83 976.51
687.55 966.53
693.12 978.24
703.30 979.20
705.60 968.26
706.37 960.19
715.78 970.75
710.21 995.90
717.50 1008.00
710.98 1019.71
694.46 1015.49
715.39 1039.87
724.99 1022.98
739.58 1001.28
730.94 984.19
736.32 973.06
740.35 957.12
728.06 957.12
716.74 957.50
727.87 941.57
711.74 930.43
728.83 926.02
740.35 929.28
750.14 948.48
693.12 1134.34
687.94 1125.31
700.61 1122.62
706.94 1113.60
733.25 1131.65
744.19 1120.90
753.98 1128.00
746.50 1109.38
731.71 1115.14
759.94 1116.67
678.14 1014.14
669.70 1031.81
683.90 1039.30
712.32 1068.86
698.11 1066.94
684.10 1065.02
691.97 1077.89
728.64 1098.05
733.25 1075.78
743.04 1084.80
753.79 1096.70
764.16 1101.89
773.18 1112.26
778.37 1103.81
791.04 1096.70
803.90 1112.26
808.13 1115.71
812.16 1124.16
826.94 1101.50
840.19 1115.14
830.59 1130.88
765.12 1014.14
754.75 1015.49
746.69 1036.03
767.42 1033.92
751.10 1053.12
743.81 1048.13
766.66 1055.04
782.98 1049.47
785.66 1040.83
800.06 1065.02
788.93 1070.59
787.97 1081.34
799.10 1083.07
812.16 1089.02
818.11 1103.42
856.51 1115.71
858.62 1124.74
869.76 1123.01
844.03 1137.60
870.72 1137.98
899.14 1132.03
919.87 1123.01
933.12 1138.18
949.63 1123.01
762.82 930.05
770.88 913.73
755.33 901.44
787.97 898.56
794.69 907.39
787.97 917.76
806.78 918.14
803.14 903.17
797.95 890.88
824.45 905.47
843.65 910.27
835.97 885.70
844.80 899.90
863.04 888.00
864.96 899.52
874.37 907.39
866.30 912.58
859.58 909.50
849.79 928.90
840.00 915.84
827.52 931.39
814.08 948.67
806.02 941.57
796.22 956.54
787.20 944.45
783.55 960.96
786.43 966.53
774.72 972.29
764.35 966.14
758.21 981.31
772.03 987.84
754.18 993.79
766.85 994.56
780.86 997.63
795.46 990.91
800.26 1002.62
786.43 1013.76
797.95 1014.14
802.18 1033.34
802.75 1044.29
811.97 1038.53
819.46 1030.85
842.30 1039.68
835.78 1024.90
839.23 1002.24
826.18 1001.09
834.82 993.22
828.10 982.08
819.26 990.91
848.26 990.91
815.62 1066.18
833.47 1069.63
864.96 1053.89
861.89 1072.70
872.06 1068.29
848.45 1071.94
851.90 1088.26
860.74 1091.52
865.73 1086.91
859.01 1099.20
837.89 1102.46
887.23 1105.54
870.53 1108.61
878.21 1098.82
892.22 1084.61
901.06 1091.33
904.90 1083.84
893.18 1072.13
883.97 1058.69
877.82 1055.81
885.70 1047.94
880.32 1037.95
876.10 1034.11
891.65 1034.69
884.54 1022.02
876.86 1020.48
859.01 1041.98
850.37 1030.08
858.62 1012.42
869.18 1004.16
864.96 994.37
857.28 969.98
843.26 964.99
826.18 962.30
888.58 981.70
899.52 994.56
907.58 991.68
916.22 992.06
925.82 992.06
937.54 994.37
868.42 931.39
863.81 941.57
873.41 947.14
853.44 952.70
889.15 943.87
883.97 933.31
885.31 924.48
889.15 904.51
910.66 916.22
906.43 932.74
920.64 931.58
921.02 913.54
913.73 896.26
899.14 892.80
884.74 895.10
902.59 880.51
915.84 884.93
940.42 918.91
933.70 927.74
950.40 906.62
945.22 918.72
955.39 917.18
962.69 931.58
948.67 937.15
970.18 930.05
974.02 920.64
974.21 913.34
974.02 899.90
963.07 901.63
988.99 907.39
993.22 927.55
1004.54 916.22
1012.61 902.78
1000.51 888.19
1028.93 898.75
1036.99 904.51
1051.58 894.91
1048.13 916.99
1061.76 895.10
1075.58 901.63
1078.85 917.76
1090.18 906.82
1079.81 893.18
1100.35 895.10
1107.84 892.42
1123.20 898.56
1142.78 900.10
1134.34 910.66
1158.34 903.94
1150.08 917.38
1160.06 918.91
1170.24 906.05
1177.73 886.08
1156.80 875.33
1172.35 870.34
1189.44 878.02
1194.62 893.57
1203.46 914.88
1194.05 929.66
1206.53 944.45
1157.76 930.43
1171.97 933.70
1139.14 936.77
1138.56 922.94
1128.77 928.51
1117.44 926.59
1115.90 912.58
1103.62 914.11
1086.53 938.50
1066.94 935.62
1222.27 944.06
1240.13 961.34
1234.94 989.95
1245.31 988.03
1224.77 1012.22
1249.92 1040.06
1252.99 1063.87
1250.30 1082.88
1246.08 1099.20
1231.87 1102.27
1244.35 1115.33
1228.42 1123.39
1235.52 1135.68
1185.79 1142.78
1184.45 1128.38
1201.34 1070.98
1189.44 1059.07
1184.64 1045.06
1139.90 1066.18
1127.23 1075.01
1108.80 1066.56
1114.75 1055.81
1123.58 1044.67
1122.43 1064.64
1140.48 1009.34
1154.88 1020.67
1129.34 996.86
1130.30 1016.83
1101.70 1008.77
1104.58 997.06
1098.82 982.46
1104.19 971.33
1117.63 978.05
1139.90 969.79
1161.22 987.07
1167.94 995.33
1158.14 1003.01
1149.50 993.79
1175.42 989.95
1186.75 982.85
1190.40 995.52
1211.33 983.62
1199.04 975.36
1176.38 974.40
1165.25 980.35
1163.52 960.58
1175.62 961.73
1051.39 981.31
1045.63 972.86
1179.46 1102.66
1190.21 1102.46
1184.64 1107.84
1200.77 1088.26
1188.67 1082.88
1210.18 1081.34
1222.85 1077.70
1231.87 1076.54
1242.24 1075.58
1219.20 1061.38
1136.64 1138.37
1114.56 1079.62
1100.16 1080.96
1093.06 1065.98
1082.69 1054.85
1071.94 1042.94
1085.57 1024.51
1092.29 1006.66
1079.42 999.55
1063.68 994.56
1082.30 982.66
1087.49 966.91
1085.38 953.47
1105.34 958.85
1117.25 963.07
1123.39 950.40
1126.46 964.99
1103.42 943.30
1054.46 936.77
1042.18 932.74
1036.99 937.34
1030.46 928.90
1014.34 926.78
1021.63 918.91
1032.58 917.18
1013.95 934.27
999.17 934.08
982.08 945.22
988.99 943.87
986.88 959.42
968.64 960.58
964.22 950.02
915.46 946.18
910.85 956.74
901.82 949.82
928.70 955.97
933.89 941.76
908.54 967.10
911.81 981.12
926.59 971.33
940.03 980.35
924.86 1003.39
909.89 1007.81
917.57 1016.64
930.05 1014.14
902.40 1012.22
909.31 1025.28
915.84 1044.29
903.36 1047.36
906.82 1058.69
915.84 1072.90
921.98 1064.64
922.56 1085.57
928.51 1093.25
934.46 1105.92
942.53 1111.87
938.88 1119.36
960.77 1124.74
976.32 1133.18
995.71 1136.83
1009.73 1130.69
998.78 1111.87
985.34 1115.14
969.41 1098.24
981.70 1103.42
982.08 1088.83
993.98 1096.32
950.78 1098.24
947.71 1080.96
938.50 1065.41
950.78 1062.14
960.77 1076.54
972.67 1072.90
977.86 1078.08
990.34 1063.10
976.32 1059.84
967.49 1053.31
945.60 1042.75
931.78 1054.08
930.24 1040.83
941.95 1020.86
951.17 994.37
964.22 986.50
984.96 1009.34
975.36 1008.96
974.59 1021.82
967.87 1031.23
983.81 1040.64
991.30 1027.78
998.40 1010.69
1025.28 1027.78
1010.69 1027.20
1009.15 1017.41
1024.70 1017.41
1041.41 1034.88
1026.24 1052.35
1017.02 1052.54
1025.09 1062.91
1041.79 1059.84
1002.05 1045.06
987.46 1049.66
1060.03 1055.04
1073.47 1063.49
1054.46 1070.21
1043.14 1094.98
1037.76 1086.72
1078.85 1094.21
1074.43 1101.12
1088.64 1089.98
995.71 992.83
993.22 1000.70
980.16 999.17
981.31 985.15
997.06 971.71
982.85 969.79
1019.52 966.34
1014.14 977.47
1033.73 964.99
1032.19 977.66
1066.94 972.29
1042.94 950.78
1024.70 955.39
1008.96 946.94
1136.26 1034.69
1122.62 1026.43
1108.03 1021.82
