809.66 131.52
840.00 178.94
818.88 177.02
808.13 160.13
794.69 144.38
793.54 124.99
778.94 118.85
758.78 125.76
780.29 138.62
826.56 135.36
835.01 88.70
811.78 32.64
1067.14 301.25
1050.24 299.71
1063.49 284.35
1065.02 334.27
1063.87 352.90
1070.40 381.50
1061.95 365.76
833.09 325.82
776.26 169.73
757.63 177.02
744.38 180.29
730.18 191.04
714.82 187.97
733.06 218.88
753.98 221.38
767.23 214.85
778.56 215.81
792.77 226.56
808.90 223.87
819.26 220.61
834.24 226.94
838.66 241.92
684.10 229.82
680.06 249.22
670.85 229.06
651.46 230.21
637.82 224.26
628.42 233.47
616.32 231.36
594.62 225.79
570.43 237.89
620.35 208.13
633.02 194.30
644.16 204.10
669.31 204.48
670.08 168.19
689.86 172.61
691.78 158.02
704.45 162.82
745.54 76.99
765.31 61.63
785.86 31.30
761.28 20.54
663.94 143.04
645.50 150.34
610.75 141.50
589.44 148.03
565.63 168.96
637.44 100.80
618.82 104.06
533.18 81.79
519.94 90.62
607.10 33.02
610.75 45.12
618.82 33.79
650.69 42.62
642.62 47.42
685.82 48.38
687.74 53.95
665.66 17.66
647.04 9.98
701.18 13.63
720.58 12.10
438.14 149.57
408.96 186.24
349.63 225.02
378.24 222.91
392.45 296.83
397.63 315.26
389.18 316.61
390.53 326.21
401.66 329.47
381.50 354.43
373.44 363.84
404.16 366.53
421.44 346.75
396.48 400.90
385.15 404.54
379.97 427.97
407.42 417.02
414.34 430.27
423.17 397.25
424.32 388.42
451.01 407.81
446.59 423.94
465.02 392.06
490.56 391.68
514.37 388.03
496.90 425.86
515.14 421.06
532.42 431.62
556.22 419.52
558.34 429.12
545.47 440.06
547.01 448.13
566.02 443.33
567.94 448.90
559.87 464.26
532.03 475.97
531.26 463.87
506.30 464.64
496.90 477.12
476.74 482.30
465.02 452.93
452.93 463.49
434.50 477.12
417.02 481.15
400.13 486.34
387.26 484.80
378.82 502.08
358.08 498.05
340.03 506.88
337.92 488.83
345.98 468.29
342.34 422.21
329.47 409.34
363.84 433.15
375.55 446.02
367.87 462.53
396.86 462.91
414.72 508.99
571.58 367.49
573.70 387.65
594.62 389.18
585.41 373.44
601.54 356.93
580.80 297.22
587.33 322.94
571.97 265.73
606.34 279.55
607.87 269.38
635.33 299.14
614.40 378.24
622.08 387.07
615.94 356.54
620.35 353.28
631.68 365.76
636.10 355.78
626.50 334.66
644.74 382.27
667.97 368.64
681.79 339.07
660.29 306.05
676.03 292.42
693.50 296.45
706.37 308.93
693.12 363.46
706.37 369.79
724.61 345.22
742.27 336.38
762.05 308.93
809.28 273.02
819.84 301.63
839.62 307.20
785.47 306.05
771.84 362.88
762.82 362.11
760.13 380.35
752.45 380.74
802.75 358.46
815.81 381.89
830.21 389.18
1072.70 404.54
1073.09 443.71
1071.55 503.42
1071.94 513.41
1056.19 534.72
1071.55 552.58
1065.98 592.13
1060.22 588.86
1054.66 606.53
1041.60 581.95
1034.50 544.90
1005.70 536.83
980.35 508.99
980.74 561.41
987.26 577.92
992.06 592.13
983.62 606.14
919.49 518.59
881.09 523.58
872.26 529.15
861.31 508.22
929.47 539.71
910.46 555.84
904.90 584.83
927.55 584.45
964.61 626.30
962.11 629.95
956.54 638.40
962.69 644.93
981.89 664.32
1032.38 717.89
1020.29 714.24
968.26 720.38
949.63 711.94
926.21 729.60
916.22 721.92
904.13 684.10
900.86 675.26
927.17 658.18
934.27 673.15
948.86 688.51
921.41 643.39
919.49 622.27
910.08 610.56
879.17 615.55
857.66 600.58
846.34 584.06
874.94 562.56
862.08 566.21
868.99 549.31
851.71 556.99
839.62 550.46
816.19 546.82
844.03 540.86
825.79 512.26
822.53 425.09
777.79 405.31
732.67 400.51
708.86 405.31
701.95 417.41
685.06 420.29
668.93 431.62
680.64 437.57
697.92 440.06
753.98 443.33
759.17 466.94
740.35 462.91
782.21 456.96
812.54 464.64
810.82 446.40
829.44 462.14
840.00 484.42
814.46 496.51
809.66 507.46
791.04 502.85
771.26 496.13
778.18 487.30
752.83 490.37
734.59 503.81
717.70 481.92
707.90 497.66
699.46 496.90
686.21 496.90
686.98 502.08
706.37 525.50
724.22 516.67
733.44 532.03
756.86 528.00
707.14 546.05
713.28 558.14
721.73 580.42
703.10 589.25
738.24 592.90
758.40 584.06
758.02 591.74
785.47 595.78
802.37 595.39
818.50 587.71
826.56 580.80
849.22 641.28
830.98 635.33
865.34 653.38
869.76 665.09
838.66 690.05
840.77 703.10
832.70 720.77
808.51 694.08
825.79 675.26
805.25 656.64
846.34 665.47
860.16 688.90
876.29 709.06
885.89 724.42
875.52 637.63
855.36 626.69
774.91 673.92
765.31 666.62
793.15 644.93
782.21 641.28
784.70 613.82
744.77 625.92
720.58 610.56
729.02 628.03
733.06 653.76
717.70 643.78
752.83 647.42
747.07 683.33
759.55 689.28
764.54 683.33
755.14 728.45
741.89 728.45
726.53 728.06
731.71 699.46
710.40 701.38
705.60 697.34
723.65 684.10
711.94 675.26
703.49 668.74
696.77 659.14
732.29 664.70
691.39 631.30
681.79 637.25
658.75 633.98
673.73 624.00
679.68 611.90
667.20 606.53
648.19 610.56
624.38 619.58
634.94 424.70
610.75 420.29
592.51 417.79
619.58 396.48
586.18 448.13
593.09 458.50
608.64 452.54
639.36 463.49
658.37 463.87
674.88 475.58
657.60 486.72
654.72 495.36
635.33 477.12
618.05 489.60
603.07 487.30
587.33 475.20
567.17 480.38
559.49 489.98
576.77 509.76
560.64 519.94
604.61 514.18
588.48 518.59
618.43 508.22
641.86 511.87
662.40 513.02
658.37 519.94
686.21 551.81
688.70 559.49
668.93 563.52
641.86 559.10
622.08 555.07
595.78 540.86
613.25 536.83
633.02 540.86
647.04 543.36
669.31 540.86
665.66 588.86
647.81 584.45
636.10 581.95
616.90 580.80
603.07 574.27
528.38 494.02
543.36 506.88
514.37 512.26
509.38 525.12
480.38 533.95
477.50 526.27
489.79 510.91
495.74 496.51
691.39 707.14
671.62 707.14
684.67 694.08
657.98 724.03
645.12 721.54
637.06 737.28
624.38 729.22
619.58 706.56
599.42 707.52
608.26 699.07
590.21 689.66
590.59 668.74
592.51 643.78
603.07 644.16
611.14 672.77
614.40 645.70
628.42 662.59
623.62 677.57
646.27 681.98
656.26 677.18
636.10 695.04
654.72 691.78
665.66 686.02
681.79 661.82
662.02 653.76
651.46 660.29
638.59 647.42
602.69 620.35
612.67 625.54
574.85 728.83
558.34 721.92
546.24 715.97
536.45 703.49
530.50 694.08
548.93 700.61
563.14 707.52
565.25 691.01
554.69 668.35
562.75 658.18
543.74 658.56
556.22 633.98
566.40 646.08
580.80 640.51
375.55 532.42
397.63 519.55
361.34 533.57
454.66 506.11
446.98 494.78
428.74 497.66
461.95 489.22
459.46 567.55
456.96 548.93
448.13 535.68
429.50 544.90
417.41 543.74
410.30 561.02
380.35 561.41
369.02 567.55
357.70 552.19
351.74 568.70
332.74 567.55
342.34 591.74
362.11 602.11
370.18 608.64
354.05 619.97
541.82 545.28
521.09 530.69
503.04 559.10
485.18 559.49
529.15 561.02
532.80 548.93
556.99 560.26
577.34 541.25
583.30 545.66
540.48 581.57
559.87 579.26
581.76 579.26
576.38 584.83
588.10 586.37
589.82 607.10
571.20 606.53
556.22 609.41
547.01 599.42
522.82 615.17
508.22 615.17
493.82 607.10
470.78 606.14
500.16 590.02
519.17 596.16
489.22 578.69
514.75 576.00
450.62 602.50
444.10 587.71
423.94 571.97
400.90 589.25
400.90 582.72
365.38 633.60
340.42 635.33
333.50 657.41
360.58 652.22
366.14 666.24
385.54 670.27
383.23 654.53
382.46 645.31
387.26 633.22
396.10 634.37
392.06 622.66
417.02 625.92
404.93 653.38
424.32 651.84
430.46 655.10
438.53 647.04
454.27 638.02
465.41 636.48
480.00 639.74
488.06 621.50
502.66 626.30
523.20 628.03
538.18 636.48
535.68 647.81
522.82 647.81
507.84 650.11
498.62 669.50
491.71 676.03
488.83 687.36
510.34 676.80
474.05 689.66
469.06 672.77
468.29 667.20
450.24 666.24
436.42 682.94
427.58 682.37
411.07 672.00
402.62 684.48
385.54 694.08
369.79 704.26
372.29 718.85
338.30 731.71
402.62 714.24
392.83 728.45
427.58 720.77
429.50 732.10
431.62 705.41
466.75 725.57
459.07 722.88
449.28 730.94
453.70 744.96
446.21 738.43
445.25 750.53
426.82 741.70
406.66 748.99
400.13 750.14
413.38 759.17
400.51 767.23
391.30 788.93
385.92 812.74
398.59 814.27
403.01 825.98
373.06 850.18
369.41 869.95
379.20 880.13
381.89 894.14
459.46 834.05
467.52 820.42
492.10 840.58
501.31 820.42
504.96 809.86
490.94 795.07
434.88 776.83
427.58 791.81
468.29 766.85
474.05 747.07
518.78 799.49
531.26 816.38
529.15 789.70
519.55 777.60
502.66 782.02
487.68 769.54
490.56 754.18
506.69 760.70
517.06 749.76
526.46 760.70
502.27 739.01
515.14 731.33
500.93 726.34
493.82 725.57
480.00 720.00
501.31 695.81
507.07 706.18
547.01 748.99
538.56 773.95
550.66 772.80
563.14 780.48
567.55 770.88
563.90 752.26
562.37 740.54
597.50 742.46
609.60 755.90
603.07 776.06
590.98 773.18
580.42 778.94
592.13 793.34
574.08 802.18
559.87 803.90
538.56 807.17
609.60 805.44
608.26 791.04
585.79 806.78
599.42 836.93
603.84 845.38
626.50 892.99
619.58 888.19
623.23 910.46
630.91 911.23
651.07 919.30
667.97 905.86
673.73 890.69
685.44 897.79
692.16 887.81
725.38 889.34
714.43 887.81
676.03 849.79
657.98 871.68
645.12 863.62
636.10 863.23
622.46 878.59
617.66 838.08
616.90 829.63
640.13 824.06
645.50 834.62
651.46 846.14
679.30 833.66
678.14 815.62
669.70 805.06
629.38 805.44
623.62 793.73
634.94 779.33
633.79 757.82
645.12 744.19
662.78 744.58
663.94 764.74
653.57 764.35
691.39 759.94
682.18 753.79
717.31 740.54
722.50 752.64
710.02 773.95
717.31 792.96
702.34 813.12
694.27 807.94
668.93 796.22
662.40 782.40
735.74 810.82
749.57 832.13
753.22 849.79
737.47 864.38
743.81 910.46
721.73 932.93
760.51 1025.66
782.59 979.01
794.69 971.33
852.86 1037.76
868.61 1011.65
870.91 982.08
864.19 941.76
852.48 915.65
896.45 948.67
905.66 923.33
921.41 917.18
935.23 939.46
787.97 893.76
774.53 882.05
789.50 868.42
793.15 873.22
845.95 891.84
864.58 892.61
889.54 872.83
881.86 852.67
841.92 877.25
825.79 876.48
841.54 861.50
839.04 845.38
845.57 849.02
815.81 860.74
820.22 843.07
800.45 844.22
773.38 837.70
770.88 808.70
774.53 788.54
767.62 769.54
770.11 737.28
788.35 738.05
792.77 747.46
790.66 761.09
796.42 772.03
810.05 760.70
819.26 771.65
827.90 801.02
811.78 820.03
864.58 830.40
878.21 808.70
891.65 837.31
861.70 794.69
853.25 771.65
846.34 768.77
837.12 739.01
911.04 796.99
974.21 734.98
971.52 751.10
939.65 759.17
937.54 775.68
914.11 755.90
1000.51 774.34
1025.86 771.65
1019.90 758.78
1054.27 763.20
1084.80 761.09
1079.62 785.28
971.14 771.26
995.33 813.12
1005.31 805.06
969.02 849.41
960.96 863.62
1055.04 968.45
1051.01 931.01
1036.80 938.11
1025.09 925.25
1021.06 909.50
1044.10 921.60
1043.71 893.38
1036.03 870.53
1014.72 875.71
1013.76 853.82
1087.30 887.42
1081.15 862.85
1074.82 844.99
1080.77 825.98
1006.66 1023.74
1086.14 1037.38
992.06 1041.41
1029.12 1113.60
1029.12 1100.74
1011.84 1112.45
849.98 1068.48
837.89 1059.07
834.24 1078.85
829.82 1111.87
819.26 1130.88
800.45 1121.28
813.31 1070.40
793.15 1065.60
774.53 1086.91
751.10 1078.85
742.27 1081.73
765.70 1126.08
742.27 1132.61
710.02 1089.41
701.95 1095.74
677.76 1089.02
676.61 1081.73
652.80 1113.22
648.77 1096.70
453.31 1147.01
444.48 1126.46
428.35 1127.23
345.60 1076.93
326.59 1088.26
323.52 1066.75
325.06 927.94
